0 5 -0.05
0.01 4.9995 -0.1
0.02 4.9985 -0.149995
0.03 4.997 -0.19998
0.04 4.995 -0.24995
0.05 4.9925 -0.2999
0.06 4.9895 -0.349825
0.07 4.986 -0.39972
0.08 4.98201 -0.44958
0.09 4.97751 -0.4994
0.1 4.97252 -0.549175
0.11 4.96702 -0.5989
0.12 4.96104 -0.648571
0.13 4.95455 -0.698181
0.14 4.94757 -0.747727
0.15 4.94009 -0.797202
0.16 4.93212 -0.846603
0.17 4.92365 -0.895924
0.18 4.91469 -0.945161
0.19 4.90524 -0.994308
0.2 4.8953 -1.04336
0.21 4.88487 -1.09231
0.22 4.87394 -1.14116
0.23 4.86253 -1.1899
0.24 4.85063 -1.23853
0.25 4.83825 -1.28703
0.26 4.82538 -1.33542
0.27 4.81202 -1.38367
0.28 4.79819 -1.43179
0.29 4.78387 -1.47977
0.3 4.76907 -1.52761
0.31 4.75379 -1.5753
0.32 4.73804 -1.62284
0.33 4.72181 -1.67022
0.34 4.70511 -1.71744
0.35 4.68794 -1.76449
0.36 4.67029 -1.81137
0.37 4.65218 -1.85807
0.38 4.6336 -1.90459
0.39 4.61455 -1.95093
0.4 4.59504 -1.99707
0.41 4.57507 -2.04302
0.42 4.55464 -2.08877
0.43 4.53375 -2.13432
0.44 4.51241 -2.17966
0.45 4.49061 -2.22478
0.46 4.46836 -2.26969
0.47 4.44567 -2.31437
0.48 4.42252 -2.35883
0.49 4.39894 -2.40305
0.5 4.37491 -2.44704
0.51 4.35043 -2.49079
0.52 4.32553 -2.5343
0.53 4.30018 -2.57755
0.54 4.27441 -2.62055
0.55 4.2482 -2.6633
0.56 4.22157 -2.70578
0.57 4.19451 -2.748
0.58 4.16703 -2.78994
0.59 4.13913 -2.83161
0.6 4.11082 -2.873
0.61 4.08209 -2.91411
0.62 4.05295 -2.95493
0.63 4.0234 -2.99546
0.64 3.99344 -3.0357
0.65 3.96308 -3.07563
0.66 3.93233 -3.11526
0.67 3.90118 -3.15458
0.68 3.86963 -3.1936
0.69 3.83769 -3.23229
0.7 3.80537 -3.27067
0.71 3.77266 -3.30872
0.72 3.73958 -3.34645
0.73 3.70611 -3.38384
0.74 3.67227 -3.42091
0.75 3.63807 -3.45763
0.76 3.60349 -3.49401
0.77 3.56855 -3.53004
0.78 3.53325 -3.56573
0.79 3.49759 -3.60106
0.8 3.46158 -3.63604
0.81 3.42522 -3.67065
0.82 3.38851 -3.70491
0.83 3.35146 -3.73879
0.84 3.31408 -3.77231
0.85 3.27635 -3.80545
0.86 3.2383 -3.83821
0.87 3.19992 -3.87059
0.88 3.16121 -3.90259
0.89 3.12218 -3.9342
0.9 3.08284 -3.96543
0.91 3.04319 -3.99625
0.92 3.00323 -4.02669
0.93 2.96296 -4.05672
0.94 2.92239 -4.08635
0.95 2.88153 -4.11557
0.96 2.84037 -4.14439
0.97 2.79893 -4.17279
0.98 2.7572 -4.20078
0.99 2.71519 -4.22835
1 2.67291 -4.2555
1.01 2.63035 -4.28223
1.02 2.58753 -4.30854
1.03 2.54445 -4.33441
1.04 2.5011 -4.35986
1.05 2.4575 -4.38487
1.06 2.41366 -4.40944
1.07 2.36956 -4.43358
1.08 2.32523 -4.45728
1.09 2.28065 -4.48053
1.1 2.23585 -4.50333
1.11 2.19081 -4.52569
1.12 2.14556 -4.5476
1.13 2.10008 -4.56906
1.14 2.05439 -4.59006
1.15 2.00849 -4.6106
1.16 1.96238 -4.63069
1.17 1.91608 -4.65031
1.18 1.86957 -4.66947
1.19 1.82288 -4.68817
1.2 1.776 -4.7064
1.21 1.72893 -4.72416
1.22 1.68169 -4.74144
1.23 1.63428 -4.75826
1.24 1.58669 -4.7746
1.25 1.53895 -4.79047
1.26 1.49104 -4.80586
1.27 1.44299 -4.82077
1.28 1.39478 -4.8352
1.29 1.34643 -4.84915
1.3 1.29793 -4.86261
1.31 1.24931 -4.87559
1.32 1.20055 -4.88809
1.33 1.15167 -4.90009
1.34 1.10267 -4.91161
1.35 1.05355 -4.92263
1.36 1.00433 -4.93317
1.37 0.954996 -4.94321
1.38 0.905564 -4.95276
1.39 0.856037 -4.96182
1.4 0.806418 -4.97038
1.41 0.756715 -4.97844
1.42 0.70693 -4.98601
1.43 0.65707 -4.99308
1.44 0.607139 -4.99965
1.45 0.557143 -5.00572
1.46 0.507086 -5.01129
1.47 0.456973 -5.01636
1.48 0.406809 -5.02093
1.49 0.3566 -5.025
1.5 0.30635 -5.02857
1.51 0.256064 -5.03163
1.52 0.205748 -5.03419
1.53 0.155406 -5.03625
1.54 0.105043 -5.0378
1.55 0.0546653 -5.03885
1.56 0.00427672 -5.0394
1.57 -0.0461173 -5.03944
1.58 -0.0965117 -5.03898
1.59 -0.146902 -5.03802
1.6 -0.197282 -5.03655
1.61 -0.247647 -5.03458
1.62 -0.297993 -5.0321
1.63 -0.348314 -5.02912
1.64 -0.398605 -5.02564
1.65 -0.448861 -5.02165
1.66 -0.499078 -5.01716
1.67 -0.54925 -5.01217
1.68 -0.599371 -5.00668
1.69 -0.649438 -5.00068
1.7 -0.699445 -4.99419
1.71 -0.749387 -4.9872
1.72 -0.799259 -4.9797
1.73 -0.849056 -4.97171
1.74 -0.898773 -4.96322
1.75 -0.948405 -4.95423
1.76 -0.997947 -4.94475
1.77 -1.04739 -4.93477
1.78 -1.09674 -4.92429
1.79 -1.14599 -4.91333
1.8 -1.19512 -4.90187
1.81 -1.24414 -4.88991
1.82 -1.29304 -4.87747
1.83 -1.34181 -4.86454
1.84 -1.39046 -4.85112
1.85 -1.43897 -4.83722
1.86 -1.48734 -4.82283
1.87 -1.53557 -4.80796
1.88 -1.58365 -4.7926
1.89 -1.63157 -4.77676
1.9 -1.67934 -4.76045
1.91 -1.72695 -4.74366
1.92 -1.77438 -4.72639
1.93 -1.82165 -4.70864
1.94 -1.86873 -4.69043
1.95 -1.91564 -4.67174
1.96 -1.96235 -4.65258
1.97 -2.00888 -4.63296
1.98 -2.05521 -4.61287
1.99 -2.10134 -4.59232
2 -2.14726 -4.5713
2.01 -2.19297 -4.54983
2.02 -2.23847 -4.5279
2.03 -2.28375 -4.50552
2.04 -2.32881 -4.48268
2.05 -2.37363 -4.45939
2.06 -2.41823 -4.43566
2.07 -2.46258 -4.41147
2.08 -2.5067 -4.38685
2.09 -2.55057 -4.36178
2.1 -2.59419 -4.33627
2.11 -2.63755 -4.31033
2.12 -2.68065 -4.28396
2.13 -2.72349 -4.25715
2.14 -2.76606 -4.22992
2.15 -2.80836 -4.20226
2.16 -2.85038 -4.17417
2.17 -2.89213 -4.14567
2.18 -2.93358 -4.11675
2.19 -2.97475 -4.08741
2.2 -3.01562 -4.05766
2.21 -3.0562 -4.02751
2.22 -3.09648 -3.99694
2.23 -3.13645 -3.96598
2.24 -3.17611 -3.93462
2.25 -3.21545 -3.90285
2.26 -3.25448 -3.8707
2.27 -3.29319 -3.83816
2.28 -3.33157 -3.80522
2.29 -3.36962 -3.77191
2.3 -3.40734 -3.73821
2.31 -3.44472 -3.70414
2.32 -3.48176 -3.66969
2.33 -3.51846 -3.63487
2.34 -3.55481 -3.59969
2.35 -3.59081 -3.56414
2.36 -3.62645 -3.52823
2.37 -3.66173 -3.49197
2.38 -3.69665 -3.45535
2.39 -3.7312 -3.41838
2.4 -3.76539 -3.38107
2.41 -3.7992 -3.34342
2.42 -3.83263 -3.30543
2.43 -3.86569 -3.2671
2.44 -3.89836 -3.22844
2.45 -3.93064 -3.18946
2.46 -3.96254 -3.15015
2.47 -3.99404 -3.11053
2.48 -4.02514 -3.07059
2.49 -4.05585 -3.03034
2.5 -4.08615 -2.98978
2.51 -4.11605 -2.94892
2.52 -4.14554 -2.90776
2.53 -4.17462 -2.8663
2.54 -4.20328 -2.82455
2.55 -4.23153 -2.78252
2.56 -4.25935 -2.74021
2.57 -4.28675 -2.69761
2.58 -4.31373 -2.65474
2.59 -4.34028 -2.61161
2.6 -4.36639 -2.5682
2.61 -4.39207 -2.52454
2.62 -4.41732 -2.48062
2.63 -4.44213 -2.43645
2.64 -4.46649 -2.39203
2.65 -4.49041 -2.34736
2.66 -4.51388 -2.30246
2.67 -4.53691 -2.25732
2.68 -4.55948 -2.21195
2.69 -4.5816 -2.16635
2.7 -4.60326 -2.12054
2.71 -4.62447 -2.07451
2.72 -4.64522 -2.02826
2.73 -4.6655 -1.98181
2.74 -4.68532 -1.93515
2.75 -4.70467 -1.8883
2.76 -4.72355 -1.84125
2.77 -4.74196 -1.79402
2.78 -4.7599 -1.7466
2.79 -4.77737 -1.699
2.8 -4.79436 -1.65123
2.81 -4.81087 -1.60328
2.82 -4.8269 -1.55517
2.83 -4.84246 -1.5069
2.84 -4.85753 -1.45848
2.85 -4.87211 -1.4099
2.86 -4.88621 -1.36118
2.87 -4.89982 -1.31232
2.88 -4.91294 -1.26332
2.89 -4.92558 -1.21419
2.9 -4.93772 -1.16494
2.91 -4.94937 -1.11556
2.92 -4.96052 -1.06607
2.93 -4.97118 -1.01646
2.94 -4.98135 -0.96675
2.95 -4.99102 -0.916937
2.96 -5.00019 -0.867026
2.97 -5.00886 -0.817025
2.98 -5.01703 -0.766936
2.99 -5.0247 -0.716766
3 -5.03186 -0.666519
3.01 -5.03853 -0.6162
3.02 -5.04469 -0.565815
3.03 -5.05035 -0.515368
3.04 -5.0555 -0.464864
3.05 -5.06015 -0.414309
3.06 -5.06429 -0.363708
3.07 -5.06793 -0.313065
3.08 -5.07106 -0.262386
3.09 -5.07369 -0.211675
3.1 -5.0758 -0.160938
3.11 -5.07741 -0.11018
3.12 -5.07851 -0.059406
3.13 -5.07911 -0.00862085
3.14 -5.07919 0.0421702
3.15 -5.07877 0.0929622
3.16 -5.07784 0.14375
3.17 -5.07641 0.194528
3.18 -5.07446 0.245292
3.19 -5.07201 0.296037
3.2 -5.06905 0.346757
3.21 -5.06558 0.397448
3.22 -5.0616 0.448103
3.23 -5.05712 0.498719
3.24 -5.05214 0.549291
3.25 -5.04664 0.599812
3.26 -5.04065 0.650278
3.27 -5.03414 0.700685
3.28 -5.02714 0.751026
3.29 -5.01963 0.801298
3.3 -5.01161 0.851494
3.31 -5.0031 0.90161
3.32 -4.99408 0.951641
3.33 -4.98457 1.00158
3.34 -4.97455 1.05143
3.35 -4.96404 1.10117
3.36 -4.95302 1.15081
3.37 -4.94152 1.20034
3.38 -4.92951 1.24976
3.39 -4.91701 1.29905
3.4 -4.90402 1.34822
3.41 -4.89054 1.39726
3.42 -4.87657 1.44617
3.43 -4.86211 1.49494
3.44 -4.84716 1.54356
3.45 -4.83172 1.59203
3.46 -4.8158 1.64035
3.47 -4.7994 1.6885
3.48 -4.78251 1.7365
3.49 -4.76515 1.78432
3.5 -4.74731 1.83197
3.51 -4.72899 1.87945
3.52 -4.71019 1.92674
3.53 -4.69092 1.97384
3.54 -4.67119 2.02075
3.55 -4.65098 2.06746
3.56 -4.6303 2.11397
3.57 -4.60916 2.16027
3.58 -4.58756 2.20636
3.59 -4.5655 2.25224
3.6 -4.54297 2.29789
3.61 -4.52 2.34332
3.62 -4.49656 2.38852
3.63 -4.47268 2.43349
3.64 -4.44834 2.47822
3.65 -4.42356 2.5227
3.66 -4.39833 2.56694
3.67 -4.37266 2.61092
3.68 -4.34655 2.65465
3.69 -4.32001 2.69811
3.7 -4.29303 2.74131
3.71 -4.26561 2.78424
3.72 -4.23777 2.8269
3.73 -4.2095 2.86928
3.74 -4.18081 2.91137
3.75 -4.1517 2.95318
3.76 -4.12216 2.9947
3.77 -4.09222 3.03592
3.78 -4.06186 3.07684
3.79 -4.03109 3.11746
3.8 -3.99992 3.15777
3.81 -3.96834 3.19777
3.82 -3.93636 3.23745
3.83 -3.90399 3.27682
3.84 -3.87122 3.31586
3.85 -3.83806 3.35457
3.86 -3.80451 3.39295
3.87 -3.77058 3.43099
3.88 -3.73627 3.4687
3.89 -3.70159 3.50606
3.9 -3.66653 3.54308
3.91 -3.6311 3.57974
3.92 -3.5953 3.61605
3.93 -3.55914 3.65201
3.94 -3.52262 3.6876
3.95 -3.48574 3.72282
3.96 -3.44851 3.75768
3.97 -3.41094 3.79217
3.98 -3.37301 3.82628
3.99 -3.33475 3.86001
4 -3.29615 3.89335
4.01 -3.25722 3.92632
4.02 -3.21796 3.95889
4.03 -3.17837 3.99107
4.04 -3.13846 4.02285
4.05 -3.09823 4.05424
4.06 -3.05768 4.08522
4.07 -3.01683 4.11579
4.08 -2.97567 4.14596
4.09 -2.93421 4.17572
4.1 -2.89246 4.20506
4.11 -2.85041 4.23399
4.12 -2.80807 4.26249
4.13 -2.76544 4.29057
4.14 -2.72254 4.31823
4.15 -2.67935 4.34545
4.16 -2.6359 4.37224
4.17 -2.59218 4.3986
4.18 -2.54819 4.42452
4.19 -2.50395 4.45001
4.2 -2.45945 4.47505
4.21 -2.4147 4.49964
4.22 -2.3697 4.52379
4.23 -2.32446 4.54748
4.24 -2.27899 4.57073
4.25 -2.23328 4.59352
4.26 -2.18734 4.61585
4.27 -2.14119 4.63773
4.28 -2.09481 4.65914
4.29 -2.04822 4.68009
4.3 -2.00142 4.70057
4.31 -1.95441 4.72058
4.32 -1.9072 4.74013
4.33 -1.8598 4.7592
4.34 -1.81221 4.7778
4.35 -1.76443 4.79592
4.36 -1.71647 4.81356
4.37 -1.66834 4.83073
4.38 -1.62003 4.84741
4.39 -1.57156 4.86361
4.4 -1.52292 4.87933
4.41 -1.47413 4.89456
4.42 -1.42518 4.9093
4.43 -1.37609 4.92355
4.44 -1.32685 4.93731
4.45 -1.27748 4.95058
4.46 -1.22797 4.96335
4.47 -1.17834 4.97563
4.48 -1.12859 4.98742
4.49 -1.07871 4.9987
4.5 -1.02872 5.00949
4.51 -0.978629 5.01978
4.52 -0.928431 5.02956
4.53 -0.878136 5.03885
4.54 -0.827747 5.04763
4.55 -0.777271 5.05591
4.56 -0.726712 5.06368
4.57 -0.676075 5.07095
4.58 -0.625366 5.07771
4.59 -0.574588 5.08396
4.6 -0.523749 5.08971
4.61 -0.472852 5.09494
4.62 -0.421902 5.09967
4.63 -0.370906 5.10389
4.64 -0.319867 5.1076
4.65 -0.268791 5.1108
4.66 -0.217683 5.11349
4.67 -0.166548 5.11566
4.68 -0.115391 5.11733
4.69 -0.064218 5.11848
4.7 -0.0130332 5.11912
4.71 0.0381581 5.11926
4.72 0.0893506 5.11887
4.73 0.140539 5.11798
4.74 0.191719 5.11657
4.75 0.242885 5.11466
4.76 0.294031 5.11223
4.77 0.345154 5.10929
4.78 0.396247 5.10584
4.79 0.447305 5.10187
4.8 0.498324 5.0974
4.81 0.549298 5.09242
4.82 0.600222 5.08693
4.83 0.651091 5.08092
4.84 0.7019 5.07441
4.85 0.752645 5.06739
4.86 0.803318 5.05987
4.87 0.853917 5.05183
4.88 0.904435 5.04329
4.89 0.954868 5.03425
4.9 1.00521 5.0247
4.91 1.05546 5.01465
4.92 1.1056 5.00409
4.93 1.15565 4.99304
4.94 1.20558 4.98148
4.95 1.25539 4.96943
4.96 1.30508 4.95687
4.97 1.35465 4.94382
4.98 1.40409 4.93027
4.99 1.45339 4.91623
5 1.50256 4.9017
5.01 1.55157 4.88667
5.02 1.60044 4.87116
5.03 1.64915 4.85515
5.04 1.6977 4.83866
5.05 1.74609 4.82169
5.06 1.79431 4.80422
5.07 1.84235 4.78628
5.08 1.89021 4.76786
5.09 1.93789 4.74896
5.1 1.98538 4.72958
5.11 2.03268 4.70972
5.12 2.07977 4.6894
5.13 2.12667 4.6686
5.14 2.17335 4.64733
5.15 2.21983 4.6256
5.16 2.26608 4.6034
5.17 2.31212 4.58074
5.18 2.35792 4.55762
5.19 2.4035 4.53404
5.2 2.44884 4.51
5.21 2.49394 4.48552
5.22 2.5388 4.46058
5.23 2.5834 4.43519
5.24 2.62775 4.40935
5.25 2.67185 4.38308
5.26 2.71568 4.35636
5.27 2.75924 4.3292
5.28 2.80253 4.30161
5.29 2.84555 4.27358
5.3 2.88829 4.24513
5.31 2.93074 4.21625
5.32 2.9729 4.18694
5.33 3.01477 4.15721
5.34 3.05634 4.12706
5.35 3.09761 4.0965
5.36 3.13858 4.06552
5.37 3.17923 4.03414
5.38 3.21957 4.00234
5.39 3.2596 3.97015
5.4 3.2993 3.93755
5.41 3.33867 3.90456
5.42 3.37772 3.87117
5.43 3.41643 3.8374
5.44 3.4548 3.80323
5.45 3.49284 3.76868
5.46 3.53052 3.73375
5.47 3.56786 3.69845
5.48 3.60485 3.66277
5.49 3.64147 3.62672
5.5 3.67774 3.59031
5.51 3.71364 3.55353
5.52 3.74918 3.51639
5.53 3.78434 3.4789
5.54 3.81913 3.44106
5.55 3.85354 3.40287
5.56 3.88757 3.36433
5.57 3.92121 3.32546
5.58 3.95447 3.28624
5.59 3.98733 3.2467
5.6 4.0198 3.20683
5.61 4.05187 3.16663
5.62 4.08353 3.12611
5.63 4.11479 3.08527
5.64 4.14565 3.04413
5.65 4.17609 3.00267
5.66 4.20611 2.96091
5.67 4.23572 2.91885
5.68 4.26491 2.87649
5.69 4.29368 2.83384
5.7 4.32202 2.7909
5.71 4.34992 2.74768
5.72 4.3774 2.70418
5.73 4.40444 2.66041
5.74 4.43105 2.61637
5.75 4.45721 2.57206
5.76 4.48293 2.52748
5.77 4.50821 2.48265
5.78 4.53303 2.43757
5.79 4.55741 2.39224
5.8 4.58133 2.34667
5.81 4.6048 2.30085
5.82 4.62781 2.25481
5.83 4.65035 2.20853
5.84 4.67244 2.16203
5.85 4.69406 2.1153
5.86 4.71521 2.06836
5.87 4.7359 2.02121
5.88 4.75611 1.97385
5.89 4.77585 1.92629
5.9 4.79511 1.87853
5.91 4.8139 1.83058
5.92 4.8322 1.78244
5.93 4.85003 1.73412
5.94 4.86737 1.68562
5.95 4.88422 1.63694
5.96 4.90059 1.5881
5.97 4.91647 1.5391
5.98 4.93186 1.48993
5.99 4.94676 1.44061
6 4.96117 1.39114
6.01 4.97508 1.34153
6.02 4.9885 1.29178
6.03 5.00141 1.2419
6.04 5.01383 1.19188
6.05 5.02575 1.14174
6.06 5.03717 1.09149
6.07 5.04808 1.04112
6.08 5.0585 0.990634
6.09 5.0684 0.940049
6.1 5.0778 0.889365
6.11 5.0867 0.838587
6.12 5.09508 0.78772
6.13 5.10296 0.73677
6.14 5.11033 0.68574
6.15 5.11718 0.634637
6.16 5.12353 0.583465
6.17 5.12937 0.53223
6.18 5.13469 0.480936
6.19 5.1395 0.429589
6.2 5.14379 0.378194
6.21 5.14757 0.326756
6.22 5.15084 0.27528
6.23 5.1536 0.223772
6.24 5.15583 0.172236
6.25 5.15756 0.120678
6.26 5.15876 0.0691021
6.27 5.15945 0.0175145
6.28 5.15963 -0.03408
6.29 5.15929 -0.0856763
6.3 5.15843 -0.137269
6.31 5.15706 -0.188854
6.32 5.15517 -0.240424
6.33 5.15277 -0.291976
6.34 5.14985 -0.343503
6.35 5.14641 -0.395002
6.36 5.14246 -0.446466
6.37 5.138 -0.497891
6.38 5.13302 -0.549271
6.39 5.12752 -0.600601
6.4 5.12152 -0.651876
6.41 5.115 -0.703091
6.42 5.10797 -0.754241
6.43 5.10043 -0.805321
6.44 5.09237 -0.856325
6.45 5.08381 -0.907249
6.46 5.07474 -0.958087
6.47 5.06516 -1.00883
6.48 5.05507 -1.05949
6.49 5.04447 -1.11004
6.5 5.03337 -1.16048
6.51 5.02177 -1.21081
6.52 5.00966 -1.26103
6.53 4.99705 -1.31113
6.54 4.98394 -1.3611
6.55 4.97033 -1.41094
6.56 4.95622 -1.46064
6.57 4.94161 -1.5102
6.58 4.92651 -1.55962
6.59 4.91091 -1.60889
6.6 4.89482 -1.65799
6.61 4.87824 -1.70694
6.62 4.86117 -1.75573
6.63 4.84362 -1.80434
6.64 4.82557 -1.85277
6.65 4.80705 -1.90103
6.66 4.78804 -1.9491
6.67 4.76855 -1.99698
6.68 4.74858 -2.04467
6.69 4.72813 -2.09215
6.7 4.70721 -2.13943
6.71 4.68581 -2.1865
6.72 4.66395 -2.23336
6.73 4.64161 -2.28
6.74 4.61881 -2.32642
6.75 4.59555 -2.37261
6.76 4.57182 -2.41856
6.77 4.54764 -2.46428
6.78 4.523 -2.50976
6.79 4.4979 -2.55499
6.8 4.47235 -2.59997
6.81 4.44635 -2.64469
6.82 4.4199 -2.68915
6.83 4.39301 -2.73335
6.84 4.36568 -2.77728
6.85 4.3379 -2.82094
6.86 4.30969 -2.86432
6.87 4.28105 -2.90741
6.88 4.25198 -2.95022
6.89 4.22247 -2.99274
6.9 4.19255 -3.03497
6.91 4.1622 -3.07689
6.92 4.13143 -3.11852
6.93 4.10024 -3.15983
6.94 4.06865 -3.20083
6.95 4.03664 -3.24152
6.96 4.00422 -3.28189
6.97 3.9714 -3.32193
6.98 3.93818 -3.36164
6.99 3.90457 -3.40102
7 3.87056 -3.44007
7.01 3.83616 -3.47878
7.02 3.80137 -3.51714
7.03 3.7662 -3.55515
7.04 3.73065 -3.59281
7.05 3.69472 -3.63012
7.06 3.65842 -3.66707
7.07 3.62175 -3.70365
7.08 3.58471 -3.73987
7.09 3.54731 -3.77572
7.1 3.50955 -3.81119
7.11 3.47144 -3.84628
7.12 3.43298 -3.881
7.13 3.39417 -3.91533
7.14 3.35502 -3.94927
7.15 3.31552 -3.98282
7.16 3.27569 -4.01598
7.17 3.23553 -4.04873
7.18 3.19505 -4.08109
7.19 3.15424 -4.11304
7.2 3.11311 -4.14458
7.21 3.07166 -4.17571
7.22 3.0299 -4.20643
7.23 2.98784 -4.23673
7.24 2.94547 -4.26661
7.25 2.90281 -4.29606
7.26 2.85984 -4.32509
7.27 2.81659 -4.35369
7.28 2.77306 -4.38185
7.29 2.72924 -4.40958
7.3 2.68514 -4.43688
7.31 2.64077 -4.46373
7.32 2.59614 -4.49013
7.33 2.55124 -4.5161
7.34 2.50607 -4.54161
7.35 2.46066 -4.56667
7.36 2.41499 -4.59128
7.37 2.36908 -4.61543
7.38 2.32292 -4.63912
7.39 2.27653 -4.66235
7.4 2.22991 -4.68511
7.41 2.18306 -4.70741
7.42 2.13598 -4.72924
7.43 2.08869 -4.7506
7.44 2.04119 -4.77149
7.45 1.99347 -4.7919
7.46 1.94555 -4.81183
7.47 1.89743 -4.83129
7.48 1.84912 -4.85026
7.49 1.80062 -4.86876
7.5 1.75193 -4.88676
7.51 1.70306 -4.90428
7.52 1.65402 -4.92131
7.53 1.60481 -4.93785
7.54 1.55543 -4.9539
7.55 1.50589 -4.96945
7.56 1.4562 -4.98451
7.57 1.40635 -4.99907
7.58 1.35636 -5.01314
7.59 1.30623 -5.0267
7.6 1.25596 -5.03976
7.61 1.20556 -5.05232
7.62 1.15504 -5.06438
7.63 1.1044 -5.07593
7.64 1.05364 -5.08697
7.65 1.00277 -5.09751
7.66 0.951792 -5.10754
7.67 0.900717 -5.11706
7.68 0.849546 -5.12606
7.69 0.798286 -5.13456
7.7 0.74694 -5.14254
7.71 0.695515 -5.15001
7.72 0.644015 -5.15697
7.73 0.592445 -5.16341
7.74 0.540811 -5.16933
7.75 0.489118 -5.17474
7.76 0.43737 -5.17963
7.77 0.385574 -5.184
7.78 0.333734 -5.18786
7.79 0.281855 -5.1912
7.8 0.229943 -5.19401
7.81 0.178003 -5.19631
7.82 0.12604 -5.19809
7.83 0.0740592 -5.19935
7.84 0.0220656 -5.2001
7.85 -0.0299353 -5.20032
7.86 -0.0819385 -5.20002
7.87 -0.133939 -5.1992
7.88 -0.185931 -5.19786
7.89 -0.237909 -5.196
7.9 -0.289869 -5.19362
7.91 -0.341805 -5.19072
7.92 -0.393713 -5.1873
7.93 -0.445586 -5.18337
7.94 -0.497419 -5.17891
7.95 -0.549208 -5.17394
7.96 -0.600948 -5.16844
7.97 -0.652632 -5.16243
7.98 -0.704257 -5.15591
7.99 -0.755816 -5.14887
8 -0.807304 -5.14131
8.01 -0.858717 -5.13323
8.02 -0.91005 -5.12465
8.03 -0.961296 -5.11555
8.04 -1.01245 -5.10593
8.05 -1.06351 -5.09581
8.06 -1.11447 -5.08517
8.07 -1.16532 -5.07403
8.08 -1.21606 -5.06238
8.09 -1.26668 -5.05022
8.1 -1.31719 -5.03755
8.11 -1.36756 -5.02438
8.12 -1.41781 -5.0107
8.13 -1.46791 -4.99652
8.14 -1.51788 -4.98184
8.15 -1.5677 -4.96666
8.16 -1.61736 -4.95099
8.17 -1.66687 -4.93481
8.18 -1.71622 -4.91815
8.19 -1.7654 -4.90098
8.2 -1.81441 -4.88333
8.21 -1.86325 -4.86519
8.22 -1.9119 -4.84655
8.23 -1.96036 -4.82743
8.24 -2.00864 -4.80783
8.25 -2.05672 -4.78774
8.26 -2.10459 -4.76718
8.27 -2.15227 -4.74613
8.28 -2.19973 -4.72461
8.29 -2.24697 -4.70261
8.3 -2.294 -4.68014
8.31 -2.3408 -4.6572
8.32 -2.38737 -4.63379
8.33 -2.43371 -4.60992
8.34 -2.47981 -4.58558
8.35 -2.52567 -4.56078
8.36 -2.57127 -4.53553
8.37 -2.61663 -4.50981
8.38 -2.66173 -4.48365
8.39 -2.70656 -4.45703
8.4 -2.75113 -4.42997
8.41 -2.79543 -4.40245
8.42 -2.83946 -4.3745
8.43 -2.8832 -4.34611
8.44 -2.92666 -4.31727
8.45 -2.96984 -4.28801
8.46 -3.01272 -4.25831
8.47 -3.0553 -4.22818
8.48 -3.09758 -4.19763
8.49 -3.13956 -4.16665
8.5 -3.18122 -4.13526
8.51 -3.22258 -4.10344
8.52 -3.26361 -4.07122
8.53 -3.30432 -4.03858
8.54 -3.34471 -4.00554
8.55 -3.38476 -3.97209
8.56 -3.42449 -3.93824
8.57 -3.46387 -3.904
8.58 -3.50291 -3.86936
8.59 -3.5416 -3.83433
8.6 -3.57994 -3.79892
8.61 -3.61793 -3.76312
8.62 -3.65556 -3.72694
8.63 -3.69283 -3.69038
8.64 -3.72974 -3.65345
8.65 -3.76627 -3.61616
8.66 -3.80243 -3.57849
8.67 -3.83822 -3.54047
8.68 -3.87362 -3.50209
8.69 -3.90864 -3.46335
8.7 -3.94328 -3.42426
8.71 -3.97752 -3.38483
8.72 -4.01137 -3.34506
8.73 -4.04482 -3.30494
8.74 -4.07787 -3.26449
8.75 -4.11051 -3.22372
8.76 -4.14275 -3.18261
8.77 -4.17458 -3.14118
8.78 -4.20599 -3.09944
8.79 -4.23698 -3.05738
8.8 -4.26756 -3.01501
8.81 -4.29771 -2.97233
8.82 -4.32743 -2.92935
8.83 -4.35672 -2.88608
8.84 -4.38559 -2.84251
8.85 -4.41401 -2.79866
8.86 -4.442 -2.75452
8.87 -4.46954 -2.7101
8.88 -4.49664 -2.6654
8.89 -4.5233 -2.62044
8.9 -4.5495 -2.5752
8.91 -4.57525 -2.52971
8.92 -4.60055 -2.48395
8.93 -4.62539 -2.43795
8.94 -4.64977 -2.3917
8.95 -4.67369 -2.3452
8.96 -4.69714 -2.29846
8.97 -4.72012 -2.25149
8.98 -4.74264 -2.20429
8.99 -4.76468 -2.15686
9 -4.78625 -2.10921
9.01 -4.80734 -2.06135
9.02 -4.82795 -2.01328
9.03 -4.84809 -1.965
9.04 -4.86774 -1.91652
9.05 -4.8869 -1.86784
9.06 -4.90558 -1.81897
9.07 -4.92377 -1.76992
9.08 -4.94147 -1.72068
9.09 -4.95868 -1.67126
9.1 -4.97539 -1.62168
9.11 -4.99161 -1.57192
9.12 -5.00733 -1.52201
9.13 -5.02255 -1.47193
9.14 -5.03727 -1.42171
9.15 -5.05148 -1.37134
9.16 -5.0652 -1.32082
9.17 -5.0784 -1.27017
9.18 -5.09111 -1.21938
9.19 -5.1033 -1.16847
9.2 -5.11498 -1.11744
9.21 -5.12616 -1.06629
9.22 -5.13682 -1.01503
9.23 -5.14697 -0.963661
9.24 -5.15661 -0.912192
9.25 -5.16573 -0.860625
9.26 -5.17434 -0.808968
9.27 -5.18243 -0.757225
9.28 -5.19 -0.705401
9.29 -5.19705 -0.653501
9.3 -5.20359 -0.60153
9.31 -5.2096 -0.549494
9.32 -5.2151 -0.497398
9.33 -5.22007 -0.445247
9.34 -5.22452 -0.393046
9.35 -5.22845 -0.340801
9.36 -5.23186 -0.288517
9.37 -5.23475 -0.236198
9.38 -5.23711 -0.183851
9.39 -5.23895 -0.131479
9.4 -5.24026 -0.07909
9.41 -5.24105 -0.0266874
9.42 -5.24132 0.0257232
9.43 -5.24106 0.0781364
9.44 -5.24028 0.130547
9.45 -5.23898 0.18295
9.46 -5.23715 0.23534
9.47 -5.23479 0.287711
9.48 -5.23192 0.340059
9.49 -5.22852 0.392378
9.5 -5.22459 0.444663
9.51 -5.22015 0.496909
9.52 -5.21518 0.549111
9.53 -5.20969 0.601262
9.54 -5.20367 0.653359
9.55 -5.19714 0.705396
9.56 -5.19009 0.757367
9.57 -5.18251 0.809268
9.58 -5.17442 0.861093
9.59 -5.16581 0.912838
9.6 -5.15668 0.964496
9.61 -5.14703 1.01606
9.62 -5.13687 1.06753
9.63 -5.1262 1.1189
9.64 -5.11501 1.17016
9.65 -5.10331 1.22131
9.66 -5.09109 1.27235
9.67 -5.07837 1.32326
9.68 -5.06514 1.37404
9.69 -5.0514 1.42469
9.7 -5.03715 1.47521
9.71 -5.0224 1.52558
9.72 -5.00714 1.5758
9.73 -4.99139 1.62587
9.74 -4.97513 1.67579
9.75 -4.95837 1.72554
9.76 -4.94111 1.77512
9.77 -4.92336 1.82453
9.78 -4.90512 1.87377
9.79 -4.88638 1.92282
9.8 -4.86715 1.97168
9.81 -4.84743 2.02035
9.82 -4.82723 2.06883
9.83 -4.80654 2.1171
9.84 -4.78537 2.16517
9.85 -4.76372 2.21302
9.86 -4.74159 2.26066
9.87 -4.71898 2.30807
9.88 -4.6959 2.35526
9.89 -4.67235 2.40222
9.9 -4.64833 2.44895
9.91 -4.62384 2.49543
9.92 -4.59888 2.54167
9.93 -4.57347 2.58766
9.94 -4.54759 2.63339
9.95 -4.52126 2.67887
9.96 -4.49447 2.72408
9.97 -4.46723 2.76902
9.98 -4.43954 2.8137
9.99 -4.4114 2.85809
10 -4.38282 2.9022
10.01 -4.3538 2.94603
10.02 -4.32434 2.98957
10.03 -4.29444 3.03281
10.04 -4.26411 3.07576
10.05 -4.23336 3.1184
10.06 -4.20217 3.16073
10.07 -4.17056 3.20276
10.08 -4.13854 3.24446
10.09 -4.10609 3.28585
10.1 -4.07323 3.32691
10.11 -4.03996 3.36764
10.12 -4.00629 3.40804
10.13 -3.97221 3.4481
10.14 -3.93773 3.48782
10.15 -3.90285 3.5272
10.16 -3.86758 3.56623
10.17 -3.83191 3.60491
10.18 -3.79586 3.64322
10.19 -3.75943 3.68118
10.2 -3.72262 3.71878
10.21 -3.68543 3.756
10.22 -3.64787 3.79286
10.23 -3.60994 3.82934
10.24 -3.57165 3.86544
10.25 -3.533 3.90115
10.26 -3.49399 3.93648
10.27 -3.45462 3.97142
10.28 -3.41491 4.00597
10.29 -3.37485 4.04012
10.3 -3.33445 4.07387
10.31 -3.29371 4.10721
10.32 -3.25263 4.14015
10.33 -3.21123 4.17267
10.34 -3.16951 4.20479
10.35 -3.12746 4.23648
10.36 -3.08509 4.26776
10.37 -3.04242 4.29861
10.38 -2.99943 4.32903
10.39 -2.95614 4.35903
10.4 -2.91255 4.38859
10.41 -2.86866 4.41771
10.42 -2.82449 4.4464
10.43 -2.78002 4.47464
10.44 -2.73528 4.50244
10.45 -2.69025 4.5298
10.46 -2.64495 4.5567
10.47 -2.59939 4.58315
10.48 -2.55355 4.60914
10.49 -2.50746 4.63468
10.5 -2.46112 4.65975
10.51 -2.41452 4.68436
10.52 -2.36768 4.70851
10.53 -2.32059 4.73219
10.54 -2.27327 4.75539
10.55 -2.22571 4.77812
10.56 -2.17793 4.80038
10.57 -2.12993 4.82216
10.58 -2.08171 4.84346
10.59 -2.03327 4.86428
10.6 -1.98463 4.88461
10.61 -1.93578 4.90446
10.62 -1.88674 4.92381
10.63 -1.8375 4.94268
10.64 -1.78807 4.96106
10.65 -1.73846 4.97894
10.66 -1.68868 4.99632
10.67 -1.63871 5.01321
10.68 -1.58858 5.0296
10.69 -1.53828 5.04548
10.7 -1.48783 5.06087
10.71 -1.43722 5.07574
10.72 -1.38646 5.09012
10.73 -1.33556 5.10398
10.74 -1.28452 5.11734
10.75 -1.23335 5.13018
10.76 -1.18205 5.14251
10.77 -1.13062 5.15433
10.78 -1.07908 5.16564
10.79 -1.02742 5.17643
10.8 -0.975658 5.18671
10.81 -0.92379 5.19646
10.82 -0.871826 5.2057
10.83 -0.819769 5.21442
10.84 -0.767625 5.22262
10.85 -0.715398 5.23029
10.86 -0.663096 5.23745
10.87 -0.610721 5.24408
10.88 -0.55828 5.25018
10.89 -0.505778 5.25577
10.9 -0.453221 5.26083
10.91 -0.400612 5.26536
10.92 -0.347959 5.26936
10.93 -0.295265 5.27284
10.94 -0.242537 5.2758
10.95 -0.189779 5.27822
10.96 -0.136997 5.28012
10.97 -0.0841955 5.28149
10.98 -0.0313806 5.28233
10.99 0.0214427 5.28265
11 0.0742692 5.28243
11.01 0.127093 5.28169
11.02 0.17991 5.28042
11.03 0.232715 5.27862
11.04 0.285501 5.27629
11.05 0.338264 5.27344
11.06 0.390998 5.27005
11.07 0.443699 5.26614
11.08 0.49636 5.26171
11.09 0.548977 5.25674
11.1 0.601544 5.25125
11.11 0.654057 5.24524
11.12 0.706509 5.2387
11.13 0.758896 5.23163
11.14 0.811213 5.22404
11.15 0.863453 5.21593
11.16 0.915612 5.2073
11.17 0.967685 5.19814
11.18 1.01967 5.18846
11.19 1.07155 5.17827
11.2 1.12333 5.16755
11.21 1.17501 5.15632
11.22 1.22657 5.14457
11.23 1.27802 5.1323
11.24 1.32934 5.11952
11.25 1.38054 5.10623
11.26 1.4316 5.09242
11.27 1.48252 5.07811
11.28 1.5333 5.06328
11.29 1.58394 5.04795
11.3 1.63442 5.03211
11.31 1.68474 5.01576
11.32 1.7349 4.99892
11.33 1.78488 4.98157
11.34 1.8347 4.96372
11.35 1.88434 4.94537
11.36 1.93379 4.92653
11.37 1.98306 4.90719
11.38 2.03213 4.88736
11.39 2.081 4.86704
11.4 2.12967 4.84623
11.41 2.17813 4.82493
11.42 2.22638 4.80315
11.43 2.27442 4.78089
11.44 2.32222 4.75814
11.45 2.36981 4.73492
11.46 2.41715 4.71122
11.47 2.46427 4.68705
11.48 2.51114 4.66241
11.49 2.55776 4.6373
11.5 2.60413 4.61172
11.51 2.65025 4.58568
11.52 2.69611 4.55918
11.53 2.7417 4.53222
11.54 2.78702 4.5048
11.55 2.83207 4.47693
11.56 2.87684 4.44861
11.57 2.92133 4.41984
11.58 2.96552 4.39063
11.59 3.00943 4.36097
11.6 3.05304 4.33088
11.61 3.09635 4.30035
11.62 3.13935 4.26938
11.63 3.18205 4.23799
11.64 3.22443 4.20617
11.65 3.26649 4.17392
11.66 3.30823 4.14126
11.67 3.34964 4.10818
11.68 3.39072 4.07468
11.69 3.43147 4.04077
11.7 3.47188 4.00646
11.71 3.51194 3.97174
11.72 3.55166 3.93662
11.73 3.59102 3.9011
11.74 3.63004 3.86519
11.75 3.66869 3.82889
11.76 3.70698 3.79221
11.77 3.7449 3.75514
11.78 3.78245 3.71769
11.79 3.81963 3.67986
11.8 3.85643 3.64167
11.81 3.89284 3.6031
11.82 3.92887 3.56417
11.83 3.96451 3.52489
11.84 3.99976 3.48524
11.85 4.03462 3.44524
11.86 4.06907 3.4049
11.87 4.10312 3.36421
11.88 4.13676 3.32317
11.89 4.16999 3.28181
11.9 4.20281 3.24011
11.91 4.23521 3.19808
11.92 4.26719 3.15573
11.93 4.29875 3.11305
11.94 4.32988 3.07007
11.95 4.36058 3.02677
11.96 4.39085 2.98316
11.97 4.42068 2.93925
11.98 4.45007 2.89505
11.99 4.47902 2.85055
12 4.50753 2.80576
12.01 4.53558 2.76068
12.02 4.56319 2.71533
12.03 4.59034 2.66969
12.04 4.61704 2.62379
12.05 4.64328 2.57762
12.06 4.66906 2.53119
12.07 4.69437 2.4845
12.08 4.71921 2.43755
12.09 4.74359 2.39036
12.1 4.76749 2.34292
12.11 4.79092 2.29525
12.12 4.81387 2.24734
12.13 4.83635 2.1992
12.14 4.85834 2.15084
12.15 4.87985 2.10225
12.16 4.90087 2.05346
12.17 4.9214 2.00445
12.18 4.94145 1.95523
12.19 4.961 1.90582
12.2 4.98006 1.85621
12.21 4.99862 1.80641
12.22 5.01669 1.75642
12.23 5.03425 1.70626
12.24 5.05131 1.65591
12.25 5.06787 1.6054
12.26 5.08393 1.55472
12.27 5.09947 1.50388
12.28 5.11451 1.45289
12.29 5.12904 1.40174
12.3 5.14306 1.35045
12.31 5.15656 1.29902
12.32 5.16955 1.24746
12.33 5.18203 1.19576
12.34 5.19398 1.14394
12.35 5.20542 1.092
12.36 5.21634 1.03995
12.37 5.22674 0.987782
12.38 5.23662 0.935515
12.39 5.24598 0.883149
12.4 5.25481 0.830689
12.41 5.26311 0.778141
12.42 5.2709 0.72551
12.43 5.27815 0.672801
12.44 5.28488 0.620019
12.45 5.29108 0.56717
12.46 5.29675 0.51426
12.47 5.30189 0.461292
12.48 5.30651 0.408273
12.49 5.31059 0.355208
12.5 5.31414 0.302102
12.51 5.31716 0.248961
12.52 5.31965 0.195789
12.53 5.32161 0.142593
12.54 5.32304 0.0893764
12.55 5.32393 0.0361461
12.56 5.32429 -0.0170932
12.57 5.32412 -0.0703361
12.58 5.32342 -0.123577
12.59 5.32218 -0.176812
12.6 5.32041 -0.230033
12.61 5.31811 -0.283237
12.62 5.31528 -0.336419
12.63 5.31192 -0.389571
12.64 5.30802 -0.442691
12.65 5.30359 -0.495771
12.66 5.29864 -0.548807
12.67 5.29315 -0.601793
12.68 5.28713 -0.654725
12.69 5.28058 -0.707596
12.7 5.27351 -0.760402
12.71 5.2659 -0.813137
12.72 5.25777 -0.865796
12.73 5.24911 -0.918373
12.74 5.23993 -0.970865
12.75 5.23022 -1.02326
12.76 5.21999 -1.07557
12.77 5.20923 -1.12777
12.78 5.19796 -1.17986
12.79 5.18616 -1.23184
12.8 5.17384 -1.2837
12.81 5.161 -1.33544
12.82 5.14765 -1.38705
12.83 5.13378 -1.43852
12.84 5.11939 -1.48986
12.85 5.10449 -1.54106
12.86 5.08908 -1.5921
12.87 5.07316 -1.64299
12.88 5.05673 -1.69372
12.89 5.03979 -1.74429
12.9 5.02235 -1.79469
12.91 5.0044 -1.84491
12.92 4.98595 -1.89496
12.93 4.96701 -1.94482
12.94 4.94756 -1.99449
12.95 4.92761 -2.04396
12.96 4.90717 -2.09324
12.97 4.88624 -2.14231
12.98 4.86482 -2.19117
12.99 4.84291 -2.23982
13 4.82051 -2.28825
13.01 4.79762 -2.33645
13.02 4.77426 -2.38443
13.03 4.75042 -2.43217
13.04 4.72609 -2.47968
13.05 4.7013 -2.52694
13.06 4.67603 -2.57395
13.07 4.65029 -2.62071
13.08 4.62408 -2.66721
13.09 4.59741 -2.71345
13.1 4.57027 -2.75943
13.11 4.54268 -2.80513
13.12 4.51463 -2.85056
13.13 4.48612 -2.8957
13.14 4.45717 -2.94057
13.15 4.42776 -2.98514
13.16 4.39791 -3.02942
13.17 4.36762 -3.07339
13.18 4.33688 -3.11707
13.19 4.30571 -3.16044
13.2 4.27411 -3.2035
13.21 4.24207 -3.24624
13.22 4.20961 -3.28866
13.23 4.17672 -3.33075
13.24 4.14341 -3.37252
13.25 4.10969 -3.41396
13.26 4.07555 -3.45505
13.27 4.041 -3.49581
13.28 4.00604 -3.53622
13.29 3.97068 -3.57628
13.3 3.93492 -3.61599
13.31 3.89876 -3.65533
13.32 3.8622 -3.69432
13.33 3.82526 -3.73294
13.34 3.78793 -3.7712
13.35 3.75022 -3.80908
13.36 3.71213 -3.84658
13.37 3.67366 -3.8837
13.38 3.63483 -3.92044
13.39 3.59562 -3.95678
13.4 3.55605 -3.99274
13.41 3.51613 -4.0283
13.42 3.47584 -4.06346
13.43 3.43521 -4.09822
13.44 3.39423 -4.13257
13.45 3.3529 -4.16651
13.46 3.31123 -4.20004
13.47 3.26923 -4.23316
13.48 3.2269 -4.26585
13.49 3.18424 -4.29812
13.5 3.14126 -4.32996
13.51 3.09796 -4.36137
13.52 3.05435 -4.39235
13.53 3.01043 -4.4229
13.54 2.9662 -4.453
13.55 2.92167 -4.48266
13.56 2.87684 -4.51188
13.57 2.83172 -4.54065
13.58 2.78632 -4.56896
13.59 2.74063 -4.59683
13.6 2.69466 -4.62423
13.61 2.64842 -4.65118
13.62 2.6019 -4.67766
13.63 2.55513 -4.70368
13.64 2.50809 -4.72923
13.65 2.4608 -4.75432
13.66 2.41325 -4.77892
13.67 2.36547 -4.80306
13.68 2.31743 -4.82671
13.69 2.26917 -4.84989
13.7 2.22067 -4.87258
13.71 2.17194 -4.89478
13.72 2.12299 -4.9165
13.73 2.07383 -4.93773
13.74 2.02445 -4.95847
13.75 1.97487 -4.97872
13.76 1.92508 -4.99846
13.77 1.8751 -5.01772
13.78 1.82492 -5.03647
13.79 1.77455 -5.05472
13.8 1.72401 -5.07246
13.81 1.67328 -5.0897
13.82 1.62239 -5.10643
13.83 1.57132 -5.12266
13.84 1.52009 -5.13837
13.85 1.46871 -5.15357
13.86 1.41718 -5.16826
13.87 1.36549 -5.18243
13.88 1.31367 -5.19609
13.89 1.26171 -5.20922
13.9 1.20962 -5.22184
13.91 1.1574 -5.23394
13.92 1.10506 -5.24551
13.93 1.0526 -5.25656
13.94 1.00004 -5.26709
13.95 0.947366 -5.27709
13.96 0.894595 -5.28656
13.97 0.841729 -5.29551
13.98 0.788774 -5.30392
13.99 0.735735 -5.31181
14 0.682617 -5.31917
14.01 0.629425 -5.32599
14.02 0.576165 -5.33229
14.03 0.522843 -5.33805
14.04 0.469462 -5.34328
14.05 0.416029 -5.34797
14.06 0.362549 -5.35213
14.07 0.309028 -5.35576
14.08 0.255471 -5.35885
14.09 0.201882 -5.3614
14.1 0.148268 -5.36342
14.11 0.0946338 -5.36491
14.12 0.0409847 -5.36585
14.13 -0.0126738 -5.36626
14.14 -0.0663364 -5.36614
14.15 -0.119998 -5.36547
14.16 -0.173653 -5.36427
14.17 -0.227295 -5.36254
14.18 -0.280921 -5.36026
14.19 -0.334523 -5.35745
14.2 -0.388098 -5.35411
14.21 -0.441639 -5.35023
14.22 -0.495141 -5.34581
14.23 -0.548599 -5.34086
14.24 -0.602008 -5.33537
14.25 -0.655362 -5.32935
14.26 -0.708655 -5.3228
14.27 -0.761883 -5.31571
14.28 -0.81504 -5.30809
14.29 -0.868121 -5.29994
14.3 -0.921121 -5.29126
14.31 -0.974033 -5.28205
14.32 -1.02685 -5.27231
14.33 -1.07958 -5.26204
14.34 -1.1322 -5.25125
14.35 -1.18471 -5.23992
14.36 -1.23711 -5.22808
14.37 -1.28939 -5.21571
14.38 -1.34155 -5.20281
14.39 -1.39357 -5.1894
14.4 -1.44547 -5.17546
14.41 -1.49722 -5.16101
14.42 -1.54883 -5.14603
14.43 -1.60029 -5.13055
14.44 -1.6516 -5.11454
14.45 -1.70274 -5.09803
14.46 -1.75373 -5.081
14.47 -1.80454 -5.06346
14.48 -1.85517 -5.04542
14.49 -1.90562 -5.02687
14.5 -1.95589 -5.00781
14.51 -2.00597 -4.98825
14.52 -2.05585 -4.96819
14.53 -2.10554 -4.94763
14.54 -2.15501 -4.92658
14.55 -2.20428 -4.90503
14.56 -2.25333 -4.88298
14.57 -2.30216 -4.86045
14.58 -2.35076 -4.83743
14.59 -2.39914 -4.81392
14.6 -2.44728 -4.78993
14.61 -2.49517 -4.76546
14.62 -2.54283 -4.74051
14.63 -2.59023 -4.71508
14.64 -2.63738 -4.68917
14.65 -2.68428 -4.6628
14.66 -2.7309 -4.63596
14.67 -2.77726 -4.60865
14.68 -2.82335 -4.58088
14.69 -2.86916 -4.55264
14.7 -2.91469 -4.52395
14.71 -2.95993 -4.4948
14.72 -3.00487 -4.46521
14.73 -3.04953 -4.43516
14.74 -3.09388 -4.40466
14.75 -3.13792 -4.37372
14.76 -3.18166 -4.34234
14.77 -3.22508 -4.31053
14.78 -3.26819 -4.27828
14.79 -3.31097 -4.24559
14.8 -3.35343 -4.21248
14.81 -3.39555 -4.17895
14.82 -3.43734 -4.14499
14.83 -3.47879 -4.11062
14.84 -3.5199 -4.07583
14.85 -3.56066 -4.04063
14.86 -3.60106 -4.00503
14.87 -3.64111 -3.96902
14.88 -3.6808 -3.93261
14.89 -3.72013 -3.8958
14.9 -3.75909 -3.8586
14.91 -3.79767 -3.82101
14.92 -3.83588 -3.78303
14.93 -3.87371 -3.74467
14.94 -3.91116 -3.70593
14.95 -3.94822 -3.66682
14.96 -3.98489 -3.62734
14.97 -4.02116 -3.58749
14.98 -4.05704 -3.54728
14.99 -4.09251 -3.50671
15 -4.12758 -3.46578
15.01 -4.16223 -3.42451
15.02 -4.19648 -3.38288
15.03 -4.23031 -3.34092
15.04 -4.26372 -3.29862
15.05 -4.2967 -3.25598
15.06 -4.32926 -3.21301
15.07 -4.36139 -3.16972
15.08 -4.39309 -3.12611
15.09 -4.42435 -3.08218
15.1 -4.45517 -3.03793
15.11 -4.48555 -2.99338
15.12 -4.51549 -2.94852
15.13 -4.54497 -2.90337
15.14 -4.57401 -2.85792
15.15 -4.60259 -2.81218
15.16 -4.63071 -2.76615
15.17 -4.65837 -2.71985
15.18 -4.68557 -2.67326
15.19 -4.7123 -2.62641
15.2 -4.73856 -2.57928
15.21 -4.76436 -2.5319
15.22 -4.78968 -2.48426
15.23 -4.81452 -2.43636
15.24 -4.83888 -2.38821
15.25 -4.86276 -2.33982
15.26 -4.88616 -2.2912
15.27 -4.90907 -2.24234
15.28 -4.9315 -2.19324
15.29 -4.95343 -2.14393
15.3 -4.97487 -2.0944
15.31 -4.99581 -2.04465
15.32 -5.01626 -1.99469
15.33 -5.03621 -1.94453
15.34 -5.05565 -1.89416
15.35 -5.07459 -1.84361
15.36 -5.09303 -1.79286
15.37 -5.11096 -1.74193
15.38 -5.12838 -1.69082
15.39 -5.14529 -1.63954
15.4 -5.16168 -1.58809
15.41 -5.17756 -1.53647
15.42 -5.19293 -1.48469
15.43 -5.20777 -1.43276
15.44 -5.2221 -1.38069
15.45 -5.23591 -1.32846
15.46 -5.24919 -1.27611
15.47 -5.26195 -1.22361
15.48 -5.27419 -1.17099
15.49 -5.2859 -1.11825
15.5 -5.29708 -1.06539
15.51 -5.30774 -1.01242
15.52 -5.31786 -0.959345
15.53 -5.32745 -0.906166
15.54 -5.33652 -0.852892
15.55 -5.34504 -0.799527
15.56 -5.35304 -0.746076
15.57 -5.3605 -0.692546
15.58 -5.36743 -0.638941
15.59 -5.37382 -0.585267
15.6 -5.37967 -0.531528
15.61 -5.38498 -0.477732
15.62 -5.38976 -0.423882
15.63 -5.394 -0.369984
15.64 -5.3977 -0.316044
15.65 -5.40086 -0.262067
15.66 -5.40348 -0.208059
15.67 -5.40556 -0.154024
15.68 -5.4071 -0.0999683
15.69 -5.4081 -0.0458973
15.7 -5.40856 0.00818368
15.71 -5.40848 0.0622693
15.72 -5.40786 0.116354
15.73 -5.40669 0.170433
15.74 -5.40499 0.2245
15.75 -5.40274 0.278549
15.76 -5.39996 0.332577
15.77 -5.39663 0.386576
15.78 -5.39277 0.440543
15.79 -5.38836 0.49447
15.8 -5.38342 0.548354
15.81 -5.37793 0.602188
15.82 -5.37191 0.655967
15.83 -5.36535 0.709687
15.84 -5.35825 0.76334
15.85 -5.35062 0.816923
15.86 -5.34245 0.870429
15.87 -5.33375 0.923853
15.88 -5.32451 0.977191
15.89 -5.31474 1.03044
15.9 -5.30443 1.08358
15.91 -5.2936 1.13663
15.92 -5.28223 1.18956
15.93 -5.27033 1.24239
15.94 -5.25791 1.29509
15.95 -5.24496 1.34767
15.96 -5.23148 1.40012
15.97 -5.21748 1.45243
15.98 -5.20296 1.50461
15.99 -5.18791 1.55664
16 -5.17234 1.60852
16.01 -5.15626 1.66024
16.02 -5.13966 1.7118
16.03 -5.12254 1.7632
16.04 -5.10491 1.81442
16.05 -5.08676 1.86547
16.06 -5.06811 1.91634
16.07 -5.04894 1.96702
16.08 -5.02927 2.01751
16.09 -5.0091 2.0678
16.1 -4.98842 2.1179
16.11 -4.96724 2.16778
16.12 -4.94556 2.21745
16.13 -4.92339 2.26691
16.14 -4.90072 2.31614
16.15 -4.87756 2.36515
16.16 -4.85391 2.41392
16.17 -4.82977 2.46246
16.18 -4.80514 2.51076
16.19 -4.78004 2.55881
16.2 -4.75445 2.60661
16.21 -4.72838 2.65416
16.22 -4.70184 2.70144
16.23 -4.67483 2.74846
16.24 -4.64734 2.79521
16.25 -4.61939 2.84168
16.26 -4.59097 2.88787
16.27 -4.56209 2.93378
16.28 -4.53276 2.97941
16.29 -4.50296 3.02473
16.3 -4.47271 3.06976
16.31 -4.44202 3.11449
16.32 -4.41087 3.15891
16.33 -4.37928 3.20302
16.34 -4.34725 3.24681
16.35 -4.31478 3.29028
16.36 -4.28188 3.33343
16.37 -4.24855 3.37625
16.38 -4.21479 3.41874
16.39 -4.1806 3.46088
16.4 -4.14599 3.50269
16.41 -4.11096 3.54415
16.42 -4.07552 3.58526
16.43 -4.03967 3.62601
16.44 -4.00341 3.66641
16.45 -3.96674 3.70645
16.46 -3.92968 3.74611
16.47 -3.89222 3.78541
16.48 -3.85436 3.82433
16.49 -3.81612 3.86288
16.5 -3.77749 3.90104
16.51 -3.73848 3.93881
16.52 -3.69909 3.9762
16.53 -3.65933 4.01319
16.54 -3.6192 4.04978
16.55 -3.5787 4.08597
16.56 -3.53784 4.12176
16.57 -3.49662 4.15714
16.58 -3.45505 4.1921
16.59 -3.41313 4.22665
16.6 -3.37087 4.26079
16.61 -3.32826 4.29449
16.62 -3.28531 4.32778
16.63 -3.24203 4.36063
16.64 -3.19843 4.39305
16.65 -3.1545 4.42504
16.66 -3.11025 4.45658
16.67 -3.06568 4.48768
16.68 -3.02081 4.51834
16.69 -2.97562 4.54855
16.7 -2.93014 4.5783
16.71 -2.88435 4.60761
16.72 -2.83828 4.63645
16.73 -2.79191 4.66483
16.74 -2.74526 4.69275
16.75 -2.69834 4.7202
16.76 -2.65113 4.74719
16.77 -2.60366 4.7737
16.78 -2.55593 4.79973
16.79 -2.50793 4.82529
16.8 -2.45968 4.85037
16.81 -2.41117 4.87497
16.82 -2.36242 4.89908
16.83 -2.31343 4.92271
16.84 -2.2642 4.94584
16.85 -2.21475 4.96848
16.86 -2.16506 4.99063
16.87 -2.11515 5.01228
16.88 -2.06503 5.03343
16.89 -2.0147 5.05408
16.9 -1.96416 5.07423
16.91 -1.91341 5.09387
16.92 -1.86248 5.113
16.93 -1.81135 5.13163
16.94 -1.76003 5.14974
16.95 -1.70853 5.16734
16.96 -1.65686 5.18443
16.97 -1.60501 5.201
16.98 -1.553 5.21705
16.99 -1.50083 5.23258
17 -1.44851 5.24759
17.01 -1.39603 5.26207
17.02 -1.34341 5.27603
17.03 -1.29065 5.28947
17.04 -1.23776 5.30237
17.05 -1.18473 5.31475
17.06 -1.13159 5.3266
17.07 -1.07832 5.33791
17.08 -1.02494 5.3487
17.09 -0.971453 5.35895
17.1 -0.917864 5.36866
17.11 -0.864177 5.37784
17.12 -0.810399 5.38648
17.13 -0.756534 5.39458
17.14 -0.702588 5.40215
17.15 -0.648567 5.40918
17.16 -0.594475 5.41566
17.17 -0.540318 5.42161
17.18 -0.486102 5.42701
17.19 -0.431832 5.43187
17.2 -0.377514 5.43619
17.21 -0.323152 5.43996
17.22 -0.268752 5.44319
17.23 -0.21432 5.44588
17.24 -0.159861 5.44803
17.25 -0.105381 5.44962
17.26 -0.0508848 5.45068
17.27 0.00362199 5.45119
17.28 0.0581339 5.45115
17.29 0.112645 5.45057
17.3 0.167151 5.44944
17.31 0.221645 5.44777
17.32 0.276123 5.44555
17.33 0.330579 5.44279
17.34 0.385007 5.43949
17.35 0.439402 5.43564
17.36 0.493758 5.43124
17.37 0.54807 5.42631
17.38 0.602333 5.42083
17.39 0.656542 5.4148
17.4 0.71069 5.40824
17.41 0.764772 5.40113
17.42 0.818783 5.39348
17.43 0.872718 5.38529
17.44 0.926571 5.37657
17.45 0.980337 5.3673
17.46 1.03401 5.3575
17.47 1.08758 5.34716
17.48 1.14106 5.33628
17.49 1.19442 5.32487
17.5 1.24767 5.31293
17.51 1.3008 5.30045
17.52 1.3538 5.28744
17.53 1.40668 5.2739
17.54 1.45942 5.25984
17.55 1.51201 5.24524
17.56 1.56447 5.23012
17.57 1.61677 5.21448
17.58 1.66891 5.19831
17.59 1.7209 5.18162
17.6 1.77271 5.16441
17.61 1.82436 5.14669
17.62 1.87582 5.12844
17.63 1.92711 5.10968
17.64 1.9782 5.09041
17.65 2.02911 5.07063
17.66 2.07981 5.05034
17.67 2.13032 5.02954
17.68 2.18061 5.00824
17.69 2.2307 4.98643
17.7 2.28056 4.96413
17.71 2.3302 4.94132
17.72 2.37961 4.91802
17.73 2.42879 4.89422
17.74 2.47774 4.86993
17.75 2.52644 4.84516
17.76 2.57489 4.81989
17.77 2.62309 4.79414
17.78 2.67103 4.76791
17.79 2.71871 4.7412
17.8 2.76612 4.71402
17.81 2.81326 4.68635
17.82 2.86012 4.65822
17.83 2.9067 4.62962
17.84 2.953 4.60055
17.85 2.99901 4.57102
17.86 3.04472 4.54103
17.87 3.09013 4.51059
17.88 3.13523 4.47968
17.89 3.18003 4.44833
17.9 3.22451 4.41653
17.91 3.26868 4.38429
17.92 3.31252 4.3516
17.93 3.35604 4.31847
17.94 3.39922 4.28491
17.95 3.44207 4.25092
17.96 3.48458 4.2165
17.97 3.52675 4.18166
17.98 3.56856 4.14639
17.99 3.61003 4.1107
18 3.65113 4.0746
18.01 3.69188 4.03809
18.02 3.73226 4.00117
18.03 3.77227 3.96385
18.04 3.81191 3.92613
18.05 3.85117 3.88801
18.06 3.89005 3.8495
18.07 3.92855 3.8106
18.08 3.96665 3.77131
18.09 4.00437 3.73164
18.1 4.04168 3.6916
18.11 4.0786 3.65118
18.12 4.11511 3.6104
18.13 4.15121 3.56925
18.14 4.18691 3.52773
18.15 4.22218 3.48587
18.16 4.25704 3.44364
18.17 4.29148 3.40107
18.18 4.32549 3.35816
18.19 4.35907 3.3149
18.2 4.39222 3.27131
18.21 4.42493 3.22739
18.22 4.45721 3.18314
18.23 4.48904 3.13857
18.24 4.52042 3.09368
18.25 4.55136 3.04847
18.26 4.58185 3.00296
18.27 4.61188 2.95714
18.28 4.64145 2.91102
18.29 4.67056 2.86461
18.3 4.6992 2.8179
18.31 4.72738 2.77091
18.32 4.75509 2.72364
18.33 4.78233 2.67609
18.34 4.80909 2.62826
18.35 4.83537 2.58017
18.36 4.86117 2.53182
18.37 4.88649 2.48321
18.38 4.91132 2.43434
18.39 4.93567 2.38523
18.4 4.95952 2.33587
18.41 4.98288 2.28628
18.42 5.00574 2.23645
18.43 5.0281 2.18639
18.44 5.04997 2.13611
18.45 5.07133 2.08561
18.46 5.09219 2.0349
18.47 5.11253 1.98397
18.48 5.13237 1.93285
18.49 5.1517 1.88153
18.5 5.17052 1.83001
18.51 5.18882 1.7783
18.52 5.2066 1.72642
18.53 5.22387 1.67435
18.54 5.24061 1.62211
18.55 5.25683 1.5697
18.56 5.27253 1.51714
18.57 5.2877 1.46441
18.58 5.30234 1.41153
18.59 5.31646 1.35851
18.6 5.33004 1.30535
18.61 5.3431 1.25205
18.62 5.35562 1.19861
18.63 5.3676 1.14506
18.64 5.37905 1.09138
18.65 5.38997 1.03759
18.66 5.40034 0.983692
18.67 5.41018 0.929689
18.68 5.41948 0.875587
18.69 5.42823 0.821392
18.7 5.43645 0.76711
18.71 5.44412 0.712745
18.72 5.45125 0.658304
18.73 5.45783 0.603792
18.74 5.46387 0.549214
18.75 5.46936 0.494575
18.76 5.4743 0.439881
18.77 5.4787 0.385138
18.78 5.48255 0.330351
18.79 5.48586 0.275526
18.8 5.48861 0.220667
18.81 5.49082 0.165781
18.82 5.49248 0.110873
18.83 5.49359 0.055948
18.84 5.49415 0.00101212
18.85 5.49416 -0.0539293
18.86 5.49362 -0.108871
18.87 5.49253 -0.163807
18.88 5.49089 -0.218732
18.89 5.4887 -0.273641
18.9 5.48597 -0.328528
18.91 5.48268 -0.383388
18.92 5.47885 -0.438215
18.93 5.47447 -0.493003
18.94 5.46954 -0.547748
18.95 5.46406 -0.602443
18.96 5.45803 -0.657084
18.97 5.45146 -0.711664
18.98 5.44435 -0.766179
18.99 5.43668 -0.820622
19 5.42848 -0.874989
19.01 5.41973 -0.929274
19.02 5.41044 -0.983471
19.03 5.4006 -1.03758
19.04 5.39022 -1.09158
19.05 5.37931 -1.14548
19.06 5.36785 -1.19928
19.07 5.35586 -1.25296
19.08 5.34333 -1.30651
19.09 5.33027 -1.35995
19.1 5.31667 -1.41325
19.11 5.30253 -1.46642
19.12 5.28787 -1.51944
19.13 5.27268 -1.57232
19.14 5.25695 -1.62505
19.15 5.2407 -1.67762
19.16 5.22393 -1.73002
19.17 5.20663 -1.78226
19.18 5.1888 -1.83433
19.19 5.17046 -1.88622
19.2 5.1516 -1.93792
19.21 5.13222 -1.98944
19.22 5.11232 -2.04076
19.23 5.09192 -2.09188
19.24 5.071 -2.1428
19.25 5.04957 -2.19351
19.26 5.02763 -2.24401
19.27 5.00519 -2.29428
19.28 4.98225 -2.34434
19.29 4.95881 -2.39416
19.3 4.93487 -2.44375
19.31 4.91043 -2.4931
19.32 4.8855 -2.5422
19.33 4.86008 -2.59106
19.34 4.83417 -2.63966
19.35 4.80777 -2.688
19.36 4.78089 -2.73608
19.37 4.75353 -2.78388
19.38 4.72569 -2.83142
19.39 4.69738 -2.87868
19.4 4.66859 -2.92565
19.41 4.63933 -2.97234
19.42 4.60961 -3.01873
19.43 4.57942 -3.06483
19.44 4.54877 -3.11062
19.45 4.51767 -3.15611
19.46 4.48611 -3.20128
19.47 4.45409 -3.24615
19.48 4.42163 -3.29069
19.49 4.38872 -3.3349
19.5 4.35538 -3.37879
19.51 4.32159 -3.42234
19.52 4.28736 -3.46556
19.53 4.25271 -3.50843
19.54 4.21762 -3.55096
19.55 4.18211 -3.59314
19.56 4.14618 -3.63496
19.57 4.10983 -3.67642
19.58 4.07307 -3.71752
19.59 4.03589 -3.75825
19.6 3.99831 -3.79861
19.61 3.96033 -3.83859
19.62 3.92194 -3.87819
19.63 3.88316 -3.91741
19.64 3.84398 -3.95624
19.65 3.80442 -3.99468
19.66 3.76447 -4.03273
19.67 3.72415 -4.07037
19.68 3.68344 -4.10761
19.69 3.64237 -4.14445
19.7 3.60092 -4.18087
19.71 3.55911 -4.21688
19.72 3.51695 -4.25247
19.73 3.47442 -4.28764
19.74 3.43154 -4.32239
19.75 3.38832 -4.3567
19.76 3.34475 -4.39059
19.77 3.30085 -4.42403
19.78 3.25661 -4.45704
19.79 3.21204 -4.48961
19.8 3.16714 -4.52173
19.81 3.12192 -4.5534
19.82 3.07639 -4.58462
19.83 3.03054 -4.61538
19.84 2.98439 -4.64569
19.85 2.93793 -4.67553
19.86 2.89118 -4.70491
19.87 2.84413 -4.73382
19.88 2.79679 -4.76226
19.89 2.74917 -4.79023
19.9 2.70127 -4.81772
19.91 2.65309 -4.84474
19.92 2.60464 -4.87127
19.93 2.55593 -4.89731
19.94 2.50695 -4.92287
19.95 2.45773 -4.94794
19.96 2.40825 -4.97252
19.97 2.35852 -4.9966
19.98 2.30856 -5.02019
19.99 2.25835 -5.04327
20 2.20792 -5.06586
20.01 2.15726 -5.08794
20.02 2.10638 -5.10951
20.03 2.05529 -5.13057
20.04 2.00398 -5.15113
20.05 1.95247 -5.17117
20.06 1.90076 -5.19069
20.07 1.84885 -5.2097
20.08 1.79676 -5.22819
20.09 1.74447 -5.24615
20.1 1.69201 -5.2636
20.11 1.63938 -5.28052
20.12 1.58657 -5.29691
20.13 1.5336 -5.31278
20.14 1.48047 -5.32811
20.15 1.42719 -5.34292
20.16 1.37376 -5.35719
20.17 1.32019 -5.37093
20.18 1.26648 -5.38413
20.19 1.21264 -5.39679
20.2 1.15867 -5.40892
20.21 1.10458 -5.42051
20.22 1.05038 -5.43155
20.23 0.996063 -5.44206
20.24 0.941643 -5.45202
20.25 0.887122 -5.46143
20.26 0.832508 -5.47031
20.27 0.777805 -5.47863
20.28 0.723019 -5.48641
20.29 0.668155 -5.49364
20.3 0.613218 -5.50032
20.31 0.558215 -5.50645
20.32 0.50315 -5.51203
20.33 0.44803 -5.51707
20.34 0.392859 -5.52155
20.35 0.337644 -5.52548
20.36 0.282389 -5.52885
20.37 0.227101 -5.53168
20.38 0.171784 -5.53395
20.39 0.116444 -5.53566
20.4 0.0610878 -5.53683
20.41 0.00571948 -5.53744
20.42 -0.0496549 -5.5375
20.43 -0.10503 -5.537
20.44 -0.1604 -5.53595
20.45 -0.215759 -5.53435
20.46 -0.271103 -5.53219
20.47 -0.326425 -5.52948
20.48 -0.38172 -5.52621
20.49 -0.436982 -5.5224
20.5 -0.492206 -5.51803
20.51 -0.547386 -5.5131
20.52 -0.602517 -5.50763
20.53 -0.657593 -5.50161
20.54 -0.712609 -5.49503
20.55 -0.76756 -5.4879
20.56 -0.822439 -5.48023
20.57 -0.877241 -5.472
20.58 -0.931961 -5.46323
20.59 -0.986593 -5.45391
20.6 -1.04113 -5.44405
20.61 -1.09557 -5.43363
20.62 -1.14991 -5.42268
20.63 -1.20414 -5.41118
20.64 -1.25825 -5.39914
20.65 -1.31224 -5.38656
20.66 -1.3661 -5.37343
20.67 -1.41984 -5.35977
20.68 -1.47344 -5.34557
20.69 -1.52689 -5.33084
20.7 -1.5802 -5.31557
20.71 -1.63336 -5.29977
20.72 -1.68635 -5.28343
20.73 -1.73919 -5.26657
20.74 -1.79185 -5.24918
20.75 -1.84435 -5.23126
20.76 -1.89666 -5.21282
20.77 -1.94879 -5.19385
20.78 -2.00073 -5.17436
20.79 -2.05247 -5.15436
20.8 -2.10401 -5.13383
20.81 -2.15535 -5.11279
20.82 -2.20648 -5.09124
20.83 -2.25739 -5.06917
20.84 -2.30808 -5.0466
20.85 -2.35855 -5.02352
20.86 -2.40878 -4.99993
20.87 -2.45878 -4.97584
20.88 -2.50854 -4.95126
20.89 -2.55805 -4.92617
20.9 -2.60732 -4.90059
20.91 -2.65632 -4.87452
20.92 -2.70507 -4.84795
20.93 -2.75355 -4.8209
20.94 -2.80176 -4.79337
20.95 -2.84969 -4.76535
20.96 -2.89734 -4.73685
20.97 -2.94471 -4.70788
20.98 -2.99179 -4.67843
20.99 -3.03857 -4.64852
21 -3.08506 -4.61813
21.01 -3.13124 -4.58728
21.02 -3.17711 -4.55597
21.03 -3.22267 -4.5242
21.04 -3.26792 -4.49197
21.05 -3.31284 -4.45929
21.06 -3.35743 -4.42616
21.07 -3.40169 -4.39259
21.08 -3.44562 -4.35857
21.09 -3.4892 -4.32411
21.1 -3.53244 -4.28922
21.11 -3.57533 -4.2539
21.12 -3.61787 -4.21814
21.13 -3.66005 -4.18197
21.14 -3.70187 -4.14536
21.15 -3.74333 -4.10835
21.16 -3.78441 -4.07091
21.17 -3.82512 -4.03307
21.18 -3.86545 -3.99482
21.19 -3.9054 -3.95616
21.2 -3.94496 -3.91711
21.21 -3.98413 -3.87766
21.22 -4.02291 -3.83782
21.23 -4.06129 -3.79759
21.24 -4.09926 -3.75698
21.25 -4.13683 -3.71598
21.26 -4.17399 -3.67461
21.27 -4.21074 -3.63287
21.28 -4.24707 -3.59077
21.29 -4.28298 -3.5483
21.3 -4.31846 -3.50547
21.31 -4.35351 -3.46228
21.32 -4.38814 -3.41875
21.33 -4.42232 -3.37487
21.34 -4.45607 -3.33064
21.35 -4.48938 -3.28608
21.36 -4.52224 -3.24119
21.37 -4.55465 -3.19597
21.38 -4.58661 -3.15042
21.39 -4.61811 -3.10455
21.4 -4.64916 -3.05837
21.41 -4.67974 -3.01188
21.42 -4.70986 -2.96508
21.43 -4.73951 -2.91798
21.44 -4.76869 -2.87059
21.45 -4.7974 -2.8229
21.46 -4.82563 -2.77493
21.47 -4.85338 -2.72667
21.48 -4.88064 -2.67814
21.49 -4.90743 -2.62933
21.5 -4.93372 -2.58026
21.51 -4.95952 -2.53092
21.52 -4.98483 -2.48133
21.53 -5.00964 -2.43148
21.54 -5.03396 -2.38138
21.55 -5.05777 -2.33104
21.56 -5.08108 -2.28046
21.57 -5.10389 -2.22965
21.58 -5.12618 -2.17861
21.59 -5.14797 -2.12735
21.6 -5.16924 -2.07587
21.61 -5.19 -2.02418
21.62 -5.21024 -1.97228
21.63 -5.22997 -1.92018
21.64 -5.24917 -1.86788
21.65 -5.26785 -1.81539
21.66 -5.286 -1.76271
21.67 -5.30363 -1.70985
21.68 -5.32073 -1.65681
21.69 -5.3373 -1.6036
21.7 -5.35333 -1.55023
21.71 -5.36883 -1.4967
21.72 -5.3838 -1.44301
21.73 -5.39823 -1.38917
21.74 -5.41212 -1.33519
21.75 -5.42547 -1.28107
21.76 -5.43828 -1.22681
21.77 -5.45055 -1.17243
21.78 -5.46228 -1.11792
21.79 -5.47346 -1.0633
21.8 -5.48409 -1.00857
21.81 -5.49418 -0.953726
21.82 -5.50371 -0.898784
21.83 -5.5127 -0.843747
21.84 -5.52114 -0.78862
21.85 -5.52902 -0.733409
21.86 -5.53636 -0.678119
21.87 -5.54314 -0.622755
21.88 -5.54937 -0.567324
21.89 -5.55504 -0.51183
21.9 -5.56016 -0.45628
21.91 -5.56472 -0.400678
21.92 -5.56873 -0.345031
21.93 -5.57218 -0.289343
21.94 -5.57507 -0.233622
21.95 -5.57741 -0.177871
21.96 -5.57919 -0.122097
21.97 -5.58041 -0.066305
21.98 -5.58107 -0.010501
21.99 -5.58118 0.0453097
22 -5.58072 0.101121
22.01 -5.57971 0.156929
22.02 -5.57814 0.212726
22.03 -5.57601 0.268507
22.04 -5.57333 0.324267
22.05 -5.57009 0.380001
22.06 -5.56629 0.435702
22.07 -5.56193 0.491364
22.08 -5.55702 0.546984
22.09 -5.55155 0.602554
22.1 -5.54552 0.658069
22.11 -5.53894 0.713525
22.12 -5.53181 0.768914
22.13 -5.52412 0.824232
22.14 -5.51587 0.879473
22.15 -5.50708 0.934632
22.16 -5.49773 0.989703
22.17 -5.48784 1.04468
22.18 -5.47739 1.09956
22.19 -5.46639 1.15433
22.2 -5.45485 1.209
22.21 -5.44276 1.26354
22.22 -5.43012 1.31797
22.23 -5.41694 1.37227
22.24 -5.40322 1.42644
22.25 -5.38896 1.48048
22.26 -5.37415 1.53436
22.27 -5.35881 1.58811
22.28 -5.34293 1.64169
22.29 -5.32651 1.69512
22.3 -5.30956 1.74839
22.31 -5.29208 1.80148
22.32 -5.27406 1.85441
22.33 -5.25552 1.90715
22.34 -5.23645 1.9597
22.35 -5.21685 2.01207
22.36 -5.19673 2.06423
22.37 -5.17609 2.1162
22.38 -5.15492 2.16796
22.39 -5.13324 2.21951
22.4 -5.11105 2.27084
22.41 -5.08834 2.32195
22.42 -5.06512 2.37284
22.43 -5.04139 2.42349
22.44 -5.01716 2.4739
22.45 -4.99242 2.52407
22.46 -4.96718 2.574
22.47 -4.94144 2.62367
22.48 -4.9152 2.67308
22.49 -4.88847 2.72224
22.5 -4.86125 2.77112
22.51 -4.83354 2.81973
22.52 -4.80534 2.86807
22.53 -4.77666 2.91612
22.54 -4.7475 2.96389
22.55 -4.71786 3.01136
22.56 -4.68775 3.05854
22.57 -4.65716 3.10542
22.58 -4.62611 3.15199
22.59 -4.59459 3.19825
22.6 -4.5626 3.2442
22.61 -4.53016 3.28982
22.62 -4.49726 3.33513
22.63 -4.46391 3.3801
22.64 -4.43011 3.42474
22.65 -4.39586 3.46904
22.66 -4.36117 3.513
22.67 -4.32604 3.55661
22.68 -4.29048 3.59987
22.69 -4.25448 3.64277
22.7 -4.21805 3.68532
22.71 -4.1812 3.7275
22.72 -4.14392 3.76931
22.73 -4.10623 3.81075
22.74 -4.06812 3.85181
22.75 -4.0296 3.89249
22.76 -3.99068 3.93279
22.77 -3.95135 3.9727
22.78 -3.91162 4.01221
22.79 -3.8715 4.05133
22.8 -3.83099 4.09004
22.81 -3.79009 4.12835
22.82 -3.7488 4.16625
22.83 -3.70714 4.20374
22.84 -3.6651 4.24081
22.85 -3.6227 4.27746
22.86 -3.57992 4.31369
22.87 -3.53678 4.34949
22.88 -3.49329 4.38486
22.89 -3.44944 4.41979
22.9 -3.40524 4.45428
22.91 -3.3607 4.48834
22.92 -3.31582 4.52194
22.93 -3.2706 4.5551
22.94 -3.22505 4.58781
22.95 -3.17917 4.62006
22.96 -3.13297 4.65185
22.97 -3.08645 4.68318
22.98 -3.03962 4.71404
22.99 -2.99248 4.74444
23 -2.94503 4.77437
23.01 -2.89729 4.80382
23.02 -2.84925 4.83279
23.03 -2.80092 4.86128
23.04 -2.75231 4.88929
23.05 -2.70342 4.91681
23.06 -2.65425 4.94385
23.07 -2.60481 4.97039
23.08 -2.55511 4.99644
23.09 -2.50514 5.02199
23.1 -2.45492 5.04704
23.11 -2.40445 5.07159
23.12 -2.35374 5.09563
23.13 -2.30278 5.11917
23.14 -2.25159 5.1422
23.15 -2.20017 5.16472
23.16 -2.14852 5.18672
23.17 -2.09665 5.2082
23.18 -2.04457 5.22917
23.19 -1.99228 5.24961
23.2 -1.93978 5.26954
23.21 -1.88709 5.28894
23.22 -1.8342 5.30781
23.23 -1.78112 5.32615
23.24 -1.72786 5.34396
23.25 -1.67442 5.36124
23.26 -1.62081 5.37798
23.27 -1.56703 5.39419
23.28 -1.51308 5.40986
23.29 -1.45899 5.42499
23.3 -1.40474 5.43958
23.31 -1.35034 5.45363
23.32 -1.2958 5.46713
23.33 -1.24113 5.48009
23.34 -1.18633 5.4925
23.35 -1.13141 5.50436
23.36 -1.07636 5.51568
23.37 -1.02121 5.52644
23.38 -0.965941 5.53665
23.39 -0.910574 5.54631
23.4 -0.855111 5.55542
23.41 -0.799557 5.56397
23.42 -0.743917 5.57197
23.43 -0.688198 5.57941
23.44 -0.632404 5.58629
23.45 -0.576541 5.59261
23.46 -0.520615 5.59838
23.47 -0.464631 5.60358
23.48 -0.408595 5.60823
23.49 -0.352513 5.61232
23.5 -0.29639 5.61584
23.51 -0.240231 5.6188
23.52 -0.184043 5.62121
23.53 -0.127831 5.62305
23.54 -0.0716007 5.62433
23.55 -0.0153575 5.62504
23.56 0.040893 5.62519
23.57 0.0971449 5.62479
23.58 0.153393 5.62381
23.59 0.209631 5.62228
23.6 0.265854 5.62018
23.61 0.322056 5.61753
23.62 0.378231 5.61431
23.63 0.434374 5.61052
23.64 0.490479 5.60618
23.65 0.546541 5.60127
23.66 0.602554 5.59581
23.67 0.658512 5.58978
23.68 0.71441 5.5832
23.69 0.770242 5.57605
23.7 0.826002 5.56835
23.71 0.881686 5.56009
23.72 0.937287 5.55127
23.73 0.992799 5.5419
23.74 1.04822 5.53197
23.75 1.10354 5.52149
23.76 1.15875 5.51046
23.77 1.21386 5.49887
23.78 1.26885 5.48673
23.79 1.32371 5.47404
23.8 1.37845 5.4608
23.81 1.43306 5.44702
23.82 1.48753 5.43269
23.83 1.54186 5.41781
23.84 1.59604 5.4024
23.85 1.65006 5.38644
23.86 1.70393 5.36993
23.87 1.75762 5.3529
23.88 1.81115 5.33532
23.89 1.86451 5.31721
23.9 1.91768 5.29856
23.91 1.97066 5.27939
23.92 2.02346 5.25968
23.93 2.07606 5.23944
23.94 2.12845 5.21868
23.95 2.18064 5.1974
23.96 2.23261 5.17559
23.97 2.28437 5.15327
23.98 2.3359 5.13042
23.99 2.3872 5.10706
24 2.43827 5.08319
24.01 2.48911 5.05881
24.02 2.53969 5.03392
24.03 2.59003 5.00852
24.04 2.64012 4.98262
24.05 2.68994 4.95622
24.06 2.73951 4.92932
24.07 2.7888 4.90193
24.08 2.83782 4.87404
24.09 2.88656 4.84566
24.1 2.93502 4.81679
24.11 2.98318 4.78744
24.12 3.03106 4.75761
24.13 3.07863 4.7273
24.14 3.12591 4.69651
24.15 3.17287 4.66526
24.16 3.21953 4.63353
24.17 3.26586 4.60133
24.18 3.31187 4.56867
24.19 3.35756 4.53555
24.2 3.40292 4.50198
24.21 3.44794 4.46795
24.22 3.49262 4.43347
24.23 3.53695 4.39854
24.24 3.58094 4.36317
24.25 3.62457 4.32737
24.26 3.66784 4.29112
24.27 3.71075 4.25444
24.28 3.7533 4.21733
24.29 3.79547 4.1798
24.3 3.83727 4.14185
24.31 3.87869 4.10347
24.32 3.91972 4.06469
24.33 3.96037 4.02549
24.34 4.00062 3.98589
24.35 4.04048 3.94588
24.36 4.07994 3.90547
24.37 4.119 3.86468
24.38 4.15764 3.82349
24.39 4.19588 3.78191
24.4 4.2337 3.73995
24.41 4.2711 3.69761
24.42 4.30807 3.6549
24.43 4.34462 3.61182
24.44 4.38074 3.56838
24.45 4.41642 3.52457
24.46 4.45167 3.4804
24.47 4.48647 3.43589
24.48 4.52083 3.39102
24.49 4.55474 3.34581
24.5 4.5882 3.30027
24.51 4.6212 3.25438
24.52 4.65375 3.20817
24.53 4.68583 3.16163
24.54 4.71744 3.11478
24.55 4.74859 3.0676
24.56 4.77927 3.02012
24.57 4.80947 2.97232
24.58 4.83919 2.92423
24.59 4.86843 2.87584
24.6 4.89719 2.82715
24.61 4.92546 2.77818
24.62 4.95325 2.72893
24.63 4.98054 2.67939
24.64 5.00733 2.62959
24.65 5.03363 2.57951
24.66 5.05942 2.52918
24.67 5.08471 2.47858
24.68 5.1095 2.42774
24.69 5.13378 2.37664
24.7 5.15754 2.3253
24.71 5.1808 2.27373
24.72 5.20353 2.22192
24.73 5.22575 2.16989
24.74 5.24745 2.11763
24.75 5.26863 2.06515
24.76 5.28928 2.01247
24.77 5.3094 1.95957
24.78 5.329 1.90648
24.79 5.34806 1.85319
24.8 5.3666 1.79971
24.81 5.38459 1.74604
24.82 5.40205 1.6922
24.83 5.41898 1.63818
24.84 5.43536 1.58399
24.85 5.4512 1.52963
24.86 5.46649 1.47512
24.87 5.48124 1.42046
24.88 5.49545 1.36564
24.89 5.50911 1.31069
24.9 5.52221 1.2556
24.91 5.53477 1.20038
24.92 5.54677 1.14503
24.93 5.55822 1.08956
24.94 5.56912 1.03398
24.95 5.57946 0.978289
24.96 5.58924 0.922494
24.97 5.59847 0.866602
24.98 5.60713 0.810617
24.99 5.61524 0.754546
25 5.62278 0.698393
25.01 5.62977 0.642165
25.02 5.63619 0.585868
25.03 5.64205 0.529506
25.04 5.64734 0.473085
25.05 5.65207 0.416612
25.06 5.65624 0.360091
25.07 5.65984 0.303529
25.08 5.66288 0.24693
25.09 5.66535 0.190302
25.1 5.66725 0.133648
25.11 5.66858 0.0769757
25.12 5.66935 0.0202898
25.13 5.66956 -0.0364037
25.14 5.66919 -0.0930993
25.15 5.66826 -0.149791
25.16 5.66676 -0.206474
25.17 5.6647 -0.263141
25.18 5.66207 -0.319788
25.19 5.65887 -0.376409
25.2 5.65511 -0.432998
25.21 5.65078 -0.489549
25.22 5.64588 -0.546057
25.23 5.64042 -0.602515
25.24 5.63439 -0.65892
25.25 5.62781 -0.715264
25.26 5.62065 -0.771542
25.27 5.61294 -0.827748
25.28 5.60466 -0.883878
25.29 5.59582 -0.939924
25.3 5.58642 -0.995882
25.31 5.57646 -1.05175
25.32 5.56595 -1.10751
25.33 5.55487 -1.16317
25.34 5.54324 -1.21872
25.35 5.53105 -1.27415
25.36 5.51831 -1.32946
25.37 5.50502 -1.38465
25.38 5.49117 -1.4397
25.39 5.47677 -1.49461
25.4 5.46183 -1.54938
25.41 5.44633 -1.60399
25.42 5.43029 -1.65846
25.43 5.41371 -1.71276
25.44 5.39658 -1.7669
25.45 5.37891 -1.82086
25.46 5.3607 -1.87465
25.47 5.34196 -1.92826
25.48 5.32267 -1.98168
25.49 5.30286 -2.0349
25.5 5.28251 -2.08793
25.51 5.26163 -2.14076
25.52 5.24022 -2.19337
25.53 5.21829 -2.24578
25.54 5.19583 -2.29796
25.55 5.17285 -2.34992
25.56 5.14935 -2.40165
25.57 5.12533 -2.45314
25.58 5.1008 -2.50439
25.59 5.07576 -2.5554
25.6 5.0502 -2.60616
25.61 5.02414 -2.65666
25.62 4.99758 -2.7069
25.63 4.97051 -2.75688
25.64 4.94294 -2.80658
25.65 4.91487 -2.85601
25.66 4.88631 -2.90516
25.67 4.85726 -2.95402
25.68 4.82772 -3.0026
25.69 4.7977 -3.05087
25.7 4.76719 -3.09885
25.71 4.7362 -3.14652
25.72 4.70473 -3.19389
25.73 4.67279 -3.24093
25.74 4.64038 -3.28766
25.75 4.60751 -3.33406
25.76 4.57417 -3.38014
25.77 4.54037 -3.42588
25.78 4.50611 -3.47128
25.79 4.47139 -3.51635
25.8 4.43623 -3.56106
25.81 4.40062 -3.60542
25.82 4.36457 -3.64943
25.83 4.32807 -3.69307
25.84 4.29114 -3.73635
25.85 4.25378 -3.77927
25.86 4.21598 -3.8218
25.87 4.17777 -3.86396
25.88 4.13913 -3.90574
25.89 4.10007 -3.94713
25.9 4.0606 -3.98813
25.91 4.02072 -4.02874
25.92 3.98043 -4.06895
25.93 3.93974 -4.10875
25.94 3.89865 -4.14815
25.95 3.85717 -4.18713
25.96 3.8153 -4.22571
25.97 3.77304 -4.26386
25.98 3.7304 -4.30159
25.99 3.68739 -4.33889
26 3.644 -4.37577
26.01 3.60024 -4.41221
26.02 3.55612 -4.44821
26.03 3.51164 -4.48377
26.04 3.4668 -4.51889
26.05 3.42161 -4.55356
26.06 3.37608 -4.58777
26.07 3.3302 -4.62153
26.08 3.28398 -4.65483
26.09 3.23743 -4.68767
26.1 3.19056 -4.72005
26.11 3.14336 -4.75195
26.12 3.09584 -4.78339
26.13 3.048 -4.81435
26.14 2.99986 -4.84483
26.15 2.95141 -4.87482
26.16 2.90266 -4.90434
26.17 2.85362 -4.93337
26.18 2.80429 -4.9619
26.19 2.75467 -4.98994
26.2 2.70477 -5.01749
26.21 2.65459 -5.04454
26.22 2.60415 -5.07108
26.23 2.55344 -5.09713
26.24 2.50247 -5.12266
26.25 2.45124 -5.14769
26.26 2.39976 -5.1722
26.27 2.34804 -5.1962
26.28 2.29608 -5.21968
26.29 2.24388 -5.24264
26.3 2.19145 -5.26508
26.31 2.1388 -5.28699
26.32 2.08593 -5.30838
26.33 2.03285 -5.32924
26.34 1.97956 -5.34957
26.35 1.92606 -5.36936
26.36 1.87237 -5.38862
26.37 1.81848 -5.40735
26.38 1.76441 -5.42553
26.39 1.71015 -5.44317
26.4 1.65572 -5.46028
26.41 1.60112 -5.47683
26.42 1.54635 -5.49284
26.43 1.49142 -5.50831
26.44 1.43634 -5.52322
26.45 1.38111 -5.53759
26.46 1.32573 -5.5514
26.47 1.27022 -5.56465
26.48 1.21457 -5.57736
26.49 1.1588 -5.5895
26.5 1.1029 -5.60109
26.51 1.04689 -5.61212
26.52 0.99077 -5.62259
26.53 0.934544 -5.6325
26.54 0.878219 -5.64184
26.55 0.821801 -5.65062
26.56 0.765294 -5.65884
26.57 0.708706 -5.66649
26.58 0.652041 -5.67358
26.59 0.595305 -5.6801
26.6 0.538504 -5.68605
26.61 0.481644 -5.69144
26.62 0.424729 -5.69626
26.63 0.367767 -5.7005
26.64 0.310762 -5.70418
26.65 0.25372 -5.70729
26.66 0.196647 -5.70983
26.67 0.139549 -5.71179
26.68 0.0824308 -5.71319
26.69 0.025299 -5.71401
26.7 -0.0318412 -5.71427
26.71 -0.0889838 -5.71395
26.72 -0.146123 -5.71306
26.73 -0.203254 -5.7116
26.74 -0.26037 -5.70956
26.75 -0.317465 -5.70696
26.76 -0.374535 -5.70378
26.77 -0.431573 -5.70004
26.78 -0.488573 -5.69572
26.79 -0.545531 -5.69084
26.8 -0.602439 -5.68538
26.81 -0.659293 -5.67936
26.82 -0.716086 -5.67277
26.83 -0.772814 -5.6656
26.84 -0.82947 -5.65788
26.85 -0.886049 -5.64958
26.86 -0.942545 -5.64072
26.87 -0.998952 -5.6313
26.88 -1.05526 -5.62131
26.89 -1.11148 -5.61075
26.9 -1.16759 -5.59964
26.91 -1.22358 -5.58796
26.92 -1.27946 -5.57573
26.93 -1.33522 -5.56293
26.94 -1.39085 -5.54958
26.95 -1.44634 -5.53567
26.96 -1.5017 -5.52121
26.97 -1.55691 -5.50619
26.98 -1.61197 -5.49062
26.99 -1.66688 -5.4745
27 -1.72163 -5.45783
27.01 -1.7762 -5.44062
27.02 -1.83061 -5.42286
27.03 -1.88484 -5.40455
27.04 -1.93888 -5.3857
27.05 -1.99274 -5.36631
27.06 -2.0464 -5.34638
27.07 -2.09987 -5.32592
27.08 -2.15313 -5.30492
27.09 -2.20618 -5.28339
27.1 -2.25901 -5.26133
27.11 -2.31162 -5.23874
27.12 -2.36401 -5.21562
27.13 -2.41617 -5.19198
27.14 -2.46809 -5.16782
27.15 -2.51977 -5.14314
27.16 -2.5712 -5.11794
27.17 -2.62238 -5.09223
27.18 -2.6733 -5.06601
27.19 -2.72396 -5.03927
27.2 -2.77435 -5.01203
27.21 -2.82447 -4.98429
27.22 -2.87431 -4.95605
27.23 -2.92388 -4.9273
27.24 -2.97315 -4.89806
27.25 -3.02213 -4.86833
27.26 -3.07081 -4.83811
27.27 -3.11919 -4.8074
27.28 -3.16727 -4.77621
27.29 -3.21503 -4.74454
27.3 -3.26247 -4.71239
27.31 -3.3096 -4.67976
27.32 -3.3564 -4.64667
27.33 -3.40286 -4.6131
27.34 -3.44899 -4.57907
27.35 -3.49478 -4.54458
27.36 -3.54023 -4.50964
27.37 -3.58533 -4.47423
27.38 -3.63007 -4.43838
27.39 -3.67445 -4.40208
27.4 -3.71847 -4.36534
27.41 -3.76213 -4.32815
27.42 -3.80541 -4.29053
27.43 -3.84831 -4.25248
27.44 -3.89084 -4.21399
27.45 -3.93298 -4.17508
27.46 -3.97473 -4.13575
27.47 -4.01609 -4.09601
27.48 -4.05705 -4.05585
27.49 -4.09761 -4.01528
27.5 -4.13776 -3.9743
27.51 -4.1775 -3.93292
27.52 -4.21683 -3.89115
27.53 -4.25574 -3.84898
27.54 -4.29423 -3.80642
27.55 -4.3323 -3.76348
27.56 -4.36993 -3.72016
27.57 -4.40713 -3.67646
27.58 -4.4439 -3.63239
27.59 -4.48022 -3.58795
27.6 -4.5161 -3.54314
27.61 -4.55153 -3.49798
27.62 -4.58651 -3.45247
27.63 -4.62104 -3.4066
27.64 -4.6551 -3.36039
27.65 -4.68871 -3.31384
27.66 -4.72184 -3.26695
27.67 -4.75451 -3.21974
27.68 -4.78671 -3.17219
27.69 -4.81843 -3.12432
27.7 -4.84968 -3.07614
27.71 -4.88044 -3.02764
27.72 -4.91071 -2.97884
27.73 -4.9405 -2.92973
27.74 -4.9698 -2.88033
27.75 -4.9986 -2.83063
27.76 -5.02691 -2.78064
27.77 -5.05472 -2.73037
27.78 -5.08202 -2.67983
27.79 -5.10882 -2.62901
27.8 -5.13511 -2.57792
27.81 -5.16089 -2.52657
27.82 -5.18615 -2.47496
27.83 -5.2109 -2.4231
27.84 -5.23513 -2.37099
27.85 -5.25884 -2.31864
27.86 -5.28203 -2.26605
27.87 -5.30469 -2.21323
27.88 -5.32682 -2.16018
27.89 -5.34842 -2.10691
27.9 -5.36949 -2.05343
27.91 -5.39003 -1.99973
27.92 -5.41003 -1.94583
27.93 -5.42948 -1.89173
27.94 -5.4484 -1.83744
27.95 -5.46678 -1.78295
27.96 -5.4846 -1.72829
27.97 -5.50189 -1.67344
27.98 -5.51862 -1.61842
27.99 -5.53481 -1.56323
28 -5.55044 -1.50789
28.01 -5.56552 -1.45238
28.02 -5.58004 -1.39673
28.03 -5.59401 -1.34093
28.04 -5.60742 -1.28499
28.05 -5.62027 -1.22891
28.06 -5.63256 -1.17271
28.07 -5.64428 -1.11638
28.08 -5.65545 -1.05994
28.09 -5.66605 -1.00339
28.1 -5.67608 -0.946726
28.11 -5.68555 -0.889965
28.12 -5.69445 -0.83311
28.13 -5.70278 -0.776165
28.14 -5.71054 -0.719138
28.15 -5.71773 -0.662032
28.16 -5.72435 -0.604855
28.17 -5.7304 -0.547611
28.18 -5.73588 -0.490307
28.19 -5.74078 -0.432949
28.2 -5.74511 -0.375541
28.21 -5.74887 -0.31809
28.22 -5.75205 -0.260601
28.23 -5.75465 -0.203081
28.24 -5.75668 -0.145534
28.25 -5.75814 -0.0879672
28.26 -5.75902 -0.0303858
28.27 -5.75932 0.0272044
28.28 -5.75905 0.0847976
28.29 -5.7582 0.142388
28.3 -5.75678 0.19997
28.31 -5.75478 0.257538
28.32 -5.7522 0.315086
28.33 -5.74905 0.372608
28.34 -5.74533 0.430098
28.35 -5.74102 0.487551
28.36 -5.73615 0.544962
28.37 -5.7307 0.602323
28.38 -5.72468 0.65963
28.39 -5.71808 0.716877
28.4 -5.71091 0.774058
28.41 -5.70317 0.831167
28.42 -5.69486 0.888199
28.43 -5.68598 0.945147
28.44 -5.67653 1.00201
28.45 -5.66651 1.05877
28.46 -5.65592 1.11544
28.47 -5.64476 1.172
28.48 -5.63304 1.22844
28.49 -5.62076 1.28477
28.5 -5.60791 1.34098
28.51 -5.5945 1.39706
28.52 -5.58053 1.45301
28.53 -5.566 1.50881
28.54 -5.55091 1.56447
28.55 -5.53527 1.61998
28.56 -5.51907 1.67533
28.57 -5.50231 1.73052
28.58 -5.48501 1.78555
28.59 -5.46715 1.8404
28.6 -5.44875 1.89507
28.61 -5.4298 1.94956
28.62 -5.4103 2.00385
28.63 -5.39027 2.05796
28.64 -5.36969 2.11186
28.65 -5.34857 2.16556
28.66 -5.32691 2.21904
28.67 -5.30472 2.27231
28.68 -5.282 2.32536
28.69 -5.25874 2.37818
28.7 -5.23496 2.43077
28.71 -5.21065 2.48312
28.72 -5.18582 2.53522
28.73 -5.16047 2.58708
28.74 -5.1346 2.63869
28.75 -5.10821 2.69003
28.76 -5.08131 2.74111
28.77 -5.0539 2.79193
28.78 -5.02598 2.84247
28.79 -4.99756 2.89273
28.8 -4.96863 2.9427
28.81 -4.9392 2.99239
28.82 -4.90928 3.04178
28.83 -4.87886 3.09087
28.84 -4.84795 3.13966
28.85 -4.81656 3.18814
28.86 -4.78468 3.23631
28.87 -4.75231 3.28415
28.88 -4.71947 3.33168
28.89 -4.68615 3.37887
28.9 -4.65237 3.42573
28.91 -4.61811 3.47226
28.92 -4.58339 3.51844
28.93 -4.5482 3.56427
28.94 -4.51256 3.60975
28.95 -4.47646 3.65488
28.96 -4.43991 3.69964
28.97 -4.40292 3.74404
28.98 -4.36548 3.78807
28.99 -4.32759 3.83173
29 -4.28928 3.875
29.01 -4.25053 3.91789
29.02 -4.21135 3.9604
29.03 -4.17174 4.00251
29.04 -4.13172 4.04423
29.05 -4.09128 4.08555
29.06 -4.05042 4.12646
29.07 -4.00916 4.16697
29.08 -3.96749 4.20706
29.09 -3.92542 4.24673
29.1 -3.88295 4.28599
29.11 -3.84009 4.32482
29.12 -3.79684 4.36322
29.13 -3.75321 4.40118
29.14 -3.7092 4.43872
29.15 -3.66481 4.47581
29.16 -3.62005 4.51246
29.17 -3.57493 4.54866
29.18 -3.52944 4.58441
29.19 -3.4836 4.6197
29.2 -3.4374 4.65454
29.21 -3.39085 4.68891
29.22 -3.34397 4.72282
29.23 -3.29674 4.75626
29.24 -3.24917 4.78923
29.25 -3.20128 4.82172
29.26 -3.15307 4.85373
29.27 -3.10453 4.88526
29.28 -3.05568 4.91631
29.29 -3.00651 4.94686
29.3 -2.95704 4.97693
29.31 -2.90727 5.0065
29.32 -2.85721 5.03557
29.33 -2.80685 5.06414
29.34 -2.75621 5.09221
29.35 -2.70529 5.11977
29.36 -2.65409 5.14683
29.37 -2.60262 5.17337
29.38 -2.55089 5.19939
29.39 -2.4989 5.2249
29.4 -2.44665 5.24989
29.41 -2.39415 5.27436
29.42 -2.34141 5.2983
29.43 -2.28842 5.32171
29.44 -2.2352 5.3446
29.45 -2.18176 5.36695
29.46 -2.12809 5.38877
29.47 -2.0742 5.41005
29.48 -2.0201 5.43079
29.49 -1.96579 5.45099
29.5 -1.91128 5.47065
29.51 -1.85658 5.48976
29.52 -1.80168 5.50833
29.53 -1.7466 5.52635
29.54 -1.69133 5.54381
29.55 -1.63589 5.56073
29.56 -1.58029 5.57708
29.57 -1.52452 5.59289
29.58 -1.46859 5.60813
29.59 -1.41251 5.62282
29.6 -1.35628 5.63694
29.61 -1.29991 5.65051
29.62 -1.2434 5.66351
29.63 -1.18677 5.67594
29.64 -1.13001 5.68781
29.65 -1.07313 5.69911
29.66 -1.01614 5.70984
29.67 -0.959041 5.72
29.68 -0.901841 5.72959
29.69 -0.844546 5.73861
29.7 -0.787159 5.74705
29.71 -0.729689 5.75493
29.72 -0.67214 5.76222
29.73 -0.614517 5.76894
29.74 -0.556828 5.77509
29.75 -0.499077 5.78066
29.76 -0.441271 5.78565
29.77 -0.383414 5.79006
29.78 -0.325513 5.79389
29.79 -0.267575 5.79715
29.8 -0.209603 5.79983
29.81 -0.151605 5.80192
29.82 -0.0935855 5.80344
29.83 -0.0355512 5.80437
29.84 0.0224926 5.80473
29.85 0.0805399 5.8045
29.86 0.138585 5.8037
29.87 0.196622 5.80231
29.88 0.254645 5.80035
29.89 0.312648 5.7978
29.9 0.370626 5.79467
29.91 0.428573 5.79097
29.92 0.486483 5.78668
29.93 0.54435 5.78182
29.94 0.602168 5.77637
29.95 0.659932 5.77035
29.96 0.717635 5.76375
29.97 0.775273 5.75658
29.98 0.832838 5.74882
29.99 0.890327 5.74049
