0 4.99975 -0.025
0.01 4.999 -0.0749975
0.02 4.99775 -0.124988
0.03 4.996 -0.174965
0.04 4.99375 -0.224925
0.05 4.991 -0.274863
0.06 4.98775 -0.324773
0.07 4.98401 -0.37465
0.08 4.97976 -0.42449
0.09 4.97502 -0.474288
0.1 4.96978 -0.524038
0.11 4.96404 -0.573736
0.12 4.95781 -0.623376
0.13 4.95108 -0.672954
0.14 4.94385 -0.722465
0.15 4.93614 -0.771904
0.16 4.92792 -0.821265
0.17 4.91922 -0.870544
0.18 4.91002 -0.919736
0.19 4.90033 -0.968837
0.2 4.89015 -1.01784
0.21 4.87949 -1.06674
0.22 4.86833 -1.11554
0.23 4.85669 -1.16422
0.24 4.84456 -1.21279
0.25 4.83195 -1.26123
0.26 4.81885 -1.30955
0.27 4.80528 -1.35774
0.28 4.79122 -1.40579
0.29 4.77668 -1.45371
0.3 4.76167 -1.50147
0.31 4.74617 -1.54909
0.32 4.73021 -1.59655
0.33 4.71377 -1.64385
0.34 4.69686 -1.69099
0.35 4.67948 -1.73796
0.36 4.66163 -1.78475
0.37 4.64332 -1.83137
0.38 4.62454 -1.8778
0.39 4.6053 -1.92405
0.4 4.5856 -1.9701
0.41 4.56544 -2.01596
0.42 4.54483 -2.06161
0.43 4.52375 -2.10706
0.44 4.50223 -2.1523
0.45 4.48026 -2.19732
0.46 4.45784 -2.24212
0.47 4.43497 -2.2867
0.48 4.41166 -2.33105
0.49 4.38791 -2.37517
0.5 4.36372 -2.41905
0.51 4.33909 -2.46268
0.52 4.31403 -2.50607
0.53 4.28854 -2.54921
0.54 4.26262 -2.5921
0.55 4.23627 -2.63473
0.56 4.2095 -2.67709
0.57 4.18231 -2.71918
0.58 4.1547 -2.76101
0.59 4.12667 -2.80255
0.6 4.09823 -2.84382
0.61 4.06938 -2.8848
0.62 4.04013 -2.9255
0.63 4.01047 -2.9659
0.64 3.98041 -3.006
0.65 3.94995 -3.04581
0.66 3.9191 -3.08531
0.67 3.88785 -3.1245
0.68 3.85622 -3.16338
0.69 3.8242 -3.20194
0.7 3.7918 -3.24018
0.71 3.75902 -3.2781
0.72 3.72586 -3.31569
0.73 3.69233 -3.35295
0.74 3.65843 -3.38987
0.75 3.62417 -3.42645
0.76 3.58954 -3.4627
0.77 3.55456 -3.49859
0.78 3.51921 -3.53414
0.79 3.48352 -3.56933
0.8 3.44748 -3.60416
0.81 3.41109 -3.63864
0.82 3.37437 -3.67275
0.83 3.3373 -3.70649
0.84 3.2999 -3.73987
0.85 3.26217 -3.77287
0.86 3.22412 -3.80549
0.87 3.18574 -3.83773
0.88 3.14705 -3.86959
0.89 3.10804 -3.90106
0.9 3.06871 -3.93214
0.91 3.02909 -3.96282
0.92 2.98915 -3.99312
0.93 2.94892 -4.02301
0.94 2.9084 -4.0525
0.95 2.86758 -4.08158
0.96 2.82648 -4.11026
0.97 2.7851 -4.13852
0.98 2.74343 -4.16637
0.99 2.70149 -4.19381
1 2.65929 -4.22082
1.01 2.61681 -4.24741
1.02 2.57408 -4.27358
1.03 2.53108 -4.29932
1.04 2.48784 -4.32463
1.05 2.44434 -4.34951
1.06 2.4006 -4.37396
1.07 2.35662 -4.39796
1.08 2.31241 -4.42153
1.09 2.26796 -4.44465
1.1 2.22329 -4.46733
1.11 2.17839 -4.48956
1.12 2.13328 -4.51135
1.13 2.08795 -4.53268
1.14 2.04242 -4.55356
1.15 1.99668 -4.57398
1.16 1.95074 -4.59395
1.17 1.9046 -4.61346
1.18 1.85828 -4.6325
1.19 1.81177 -4.65109
1.2 1.76507 -4.66921
1.21 1.7182 -4.68686
1.22 1.67116 -4.70404
1.23 1.62396 -4.72075
1.24 1.57659 -4.73699
1.25 1.52906 -4.75275
1.26 1.48138 -4.76805
1.27 1.43355 -4.78286
1.28 1.38558 -4.79719
1.29 1.33747 -4.81105
1.3 1.28922 -4.82443
1.31 1.24085 -4.83732
1.32 1.19235 -4.84973
1.33 1.14374 -4.86165
1.34 1.09501 -4.87309
1.35 1.04617 -4.88404
1.36 0.997221 -4.8945
1.37 0.948176 -4.90447
1.38 0.899036 -4.91395
1.39 0.849807 -4.92294
1.4 0.800493 -4.93144
1.41 0.751098 -4.93945
1.42 0.701629 -4.94696
1.43 0.652089 -4.95397
1.44 0.602484 -4.96049
1.45 0.552819 -4.96652
1.46 0.503098 -4.97205
1.47 0.453327 -4.97708
1.48 0.403511 -4.98161
1.49 0.353655 -4.98565
1.5 0.303763 -4.98918
1.51 0.253841 -4.99222
1.52 0.203893 -4.99476
1.53 0.153925 -4.9968
1.54 0.103942 -4.99834
1.55 0.0539481 -4.99938
1.56 0.00394892 -4.99992
1.57 -0.0460506 -4.99996
1.58 -0.0960456 -4.9995
1.59 -0.146031 -4.99853
1.6 -0.196002 -4.99707
1.61 -0.245953 -4.99511
1.62 -0.295879 -4.99265
1.63 -0.345776 -4.9897
1.64 -0.395639 -4.98624
1.65 -0.445462 -4.98228
1.66 -0.49524 -4.97783
1.67 -0.544969 -4.97287
1.68 -0.594643 -4.96743
1.69 -0.644258 -4.96148
1.7 -0.693808 -4.95504
1.71 -0.743289 -4.9481
1.72 -0.792696 -4.94067
1.73 -0.842023 -4.93274
1.74 -0.891266 -4.92432
1.75 -0.94042 -4.91541
1.76 -0.98948 -4.906
1.77 -1.03844 -4.89611
1.78 -1.0873 -4.88572
1.79 -1.13605 -4.87485
1.8 -1.18468 -4.86349
1.81 -1.2332 -4.85164
1.82 -1.28159 -4.83931
1.83 -1.32986 -4.82649
1.84 -1.37799 -4.8132
1.85 -1.42598 -4.79942
1.86 -1.47383 -4.78516
1.87 -1.52154 -4.77042
1.88 -1.56909 -4.7552
1.89 -1.61649 -4.73951
1.9 -1.66372 -4.72335
1.91 -1.71079 -4.70671
1.92 -1.75768 -4.6896
1.93 -1.8044 -4.67202
1.94 -1.85094 -4.65398
1.95 -1.8973 -4.63547
1.96 -1.94346 -4.6165
1.97 -1.98943 -4.59706
1.98 -2.0352 -4.57717
1.99 -2.08077 -4.55682
2 -2.12613 -4.53601
2.01 -2.17128 -4.51475
2.02 -2.21621 -4.49303
2.03 -2.26092 -4.47087
2.04 -2.3054 -4.44826
2.05 -2.34965 -4.42521
2.06 -2.39367 -4.40171
2.07 -2.43745 -4.37778
2.08 -2.48098 -4.3534
2.09 -2.52427 -4.32859
2.1 -2.5673 -4.30335
2.11 -2.61008 -4.27768
2.12 -2.65259 -4.25158
2.13 -2.69484 -4.22505
2.14 -2.73683 -4.1981
2.15 -2.77853 -4.17073
2.16 -2.81996 -4.14295
2.17 -2.86111 -4.11475
2.18 -2.90197 -4.08614
2.19 -2.94254 -4.05712
2.2 -2.98282 -4.02769
2.21 -3.0228 -3.99786
2.22 -3.06247 -3.96764
2.23 -3.10184 -3.93701
2.24 -3.1409 -3.90599
2.25 -3.17965 -3.87458
2.26 -3.21808 -3.84279
2.27 -3.25618 -3.81061
2.28 -3.29396 -3.77804
2.29 -3.33142 -3.7451
2.3 -3.36853 -3.71179
2.31 -3.40531 -3.67811
2.32 -3.44176 -3.64405
2.33 -3.47785 -3.60963
2.34 -3.5136 -3.57486
2.35 -3.549 -3.53972
2.36 -3.58404 -3.50423
2.37 -3.61872 -3.46839
2.38 -3.65305 -3.4322
2.39 -3.687 -3.39567
2.4 -3.72059 -3.3588
2.41 -3.75381 -3.3216
2.42 -3.78665 -3.28406
2.43 -3.81911 -3.24619
2.44 -3.85119 -3.208
2.45 -3.88288 -3.16949
2.46 -3.91419 -3.13066
2.47 -3.94511 -3.09152
2.48 -3.97563 -3.05207
2.49 -4.00575 -3.01231
2.5 -4.03547 -2.97225
2.51 -4.06479 -2.9319
2.52 -4.0937 -2.89125
2.53 -4.12221 -2.85031
2.54 -4.1503 -2.80909
2.55 -4.17797 -2.76759
2.56 -4.20523 -2.72581
2.57 -4.23207 -2.68376
2.58 -4.25848 -2.64144
2.59 -4.28447 -2.59885
2.6 -4.31003 -2.55601
2.61 -4.33516 -2.51291
2.62 -4.35986 -2.46955
2.63 -4.38412 -2.42596
2.64 -4.40794 -2.38211
2.65 -4.43132 -2.33803
2.66 -4.45425 -2.29372
2.67 -4.47675 -2.24918
2.68 -4.49879 -2.20441
2.69 -4.52038 -2.15942
2.7 -4.54153 -2.11422
2.71 -4.56221 -2.0688
2.72 -4.58245 -2.02318
2.73 -4.60222 -1.97736
2.74 -4.62153 -1.93134
2.75 -4.64038 -1.88512
2.76 -4.65877 -1.83872
2.77 -4.67669 -1.79213
2.78 -4.69415 -1.74536
2.79 -4.71113 -1.69842
2.8 -4.72764 -1.65131
2.81 -4.74368 -1.60403
2.82 -4.75925 -1.5566
2.83 -4.77434 -1.509
2.84 -4.78895 -1.46126
2.85 -4.80309 -1.41337
2.86 -4.81674 -1.36534
2.87 -4.82991 -1.31717
2.88 -4.8426 -1.26887
2.89 -4.85481 -1.22045
2.9 -4.86652 -1.1719
2.91 -4.87776 -1.12323
2.92 -4.8885 -1.07446
2.93 -4.89876 -1.02557
2.94 -4.90852 -0.976584
2.95 -4.9178 -0.927498
2.96 -4.92658 -0.87832
2.97 -4.93487 -0.829055
2.98 -4.94267 -0.779706
2.99 -4.94997 -0.730279
3 -4.95678 -0.680779
3.01 -4.96309 -0.631212
3.02 -4.96891 -0.581581
3.03 -4.97423 -0.531892
3.04 -4.97905 -0.482149
3.05 -4.98337 -0.432359
3.06 -4.9872 -0.382525
3.07 -4.99052 -0.332653
3.08 -4.99335 -0.282748
3.09 -4.99568 -0.232815
3.1 -4.99751 -0.182858
3.11 -4.99884 -0.132883
3.12 -4.99966 -0.0828944
3.13 -4.99999 -0.0328977
3.14 -4.99982 0.0171022
3.15 -4.99915 0.0671004
3.16 -4.99798 0.117092
3.17 -4.99631 0.167072
3.18 -4.99414 0.217035
3.19 -4.99147 0.266976
3.2 -4.9883 0.316891
3.21 -4.98463 0.366774
3.22 -4.98047 0.41662
3.23 -4.9758 0.466425
3.24 -4.97064 0.516183
3.25 -4.96498 0.565889
3.26 -4.95883 0.615539
3.27 -4.95218 0.665128
3.28 -4.94503 0.714649
3.29 -4.93739 0.7641
3.3 -4.92925 0.813473
3.31 -4.92063 0.862766
3.32 -4.91151 0.911972
3.33 -4.9019 0.961087
3.34 -4.89179 1.01011
3.35 -4.8812 1.05902
3.36 -4.87013 1.10784
3.37 -4.85856 1.15654
3.38 -4.84651 1.20512
3.39 -4.83397 1.25359
3.4 -4.82095 1.30193
3.41 -4.80745 1.35014
3.42 -4.79347 1.39821
3.43 -4.77901 1.44615
3.44 -4.76407 1.49394
3.45 -4.74865 1.54158
3.46 -4.73276 1.58906
3.47 -4.7164 1.63639
3.48 -4.69956 1.68356
3.49 -4.68226 1.73055
3.5 -4.66448 1.77737
3.51 -4.64624 1.82402
3.52 -4.62754 1.87048
3.53 -4.60837 1.91676
3.54 -4.58874 1.96284
3.55 -4.56866 2.00873
3.56 -4.54811 2.05441
3.57 -4.52711 2.0999
3.58 -4.50566 2.14517
3.59 -4.48376 2.19022
3.6 -4.46141 2.23506
3.61 -4.43861 2.27967
3.62 -4.41537 2.32406
3.63 -4.39169 2.36821
3.64 -4.36757 2.41213
3.65 -4.34301 2.45581
3.66 -4.31802 2.49924
3.67 -4.29259 2.54242
3.68 -4.26674 2.58534
3.69 -4.24046 2.62801
3.7 -4.21376 2.67042
3.71 -4.18663 2.71255
3.72 -4.15909 2.75442
3.73 -4.13113 2.79601
3.74 -4.10275 2.83732
3.75 -4.07397 2.87835
3.76 -4.04478 2.91909
3.77 -4.01518 2.95954
3.78 -3.98519 2.99969
3.79 -3.95479 3.03954
3.8 -3.924 3.07909
3.81 -3.89282 3.11833
3.82 -3.86124 3.15726
3.83 -3.82928 3.19587
3.84 -3.79694 3.23416
3.85 -3.76422 3.27213
3.86 -3.73112 3.30977
3.87 -3.69765 3.34708
3.88 -3.66381 3.38406
3.89 -3.62961 3.4207
3.9 -3.59504 3.45699
3.91 -3.56011 3.49295
3.92 -3.52482 3.52855
3.93 -3.48918 3.56379
3.94 -3.4532 3.59869
3.95 -3.41686 3.63322
3.96 -3.38019 3.66739
3.97 -3.34318 3.70119
3.98 -3.30583 3.73462
3.99 -3.26816 3.76768
4 -3.23015 3.80036
4.01 -3.19182 3.83266
4.02 -3.15318 3.86458
4.03 -3.11422 3.89611
4.04 -3.07495 3.92725
4.05 -3.03537 3.958
4.06 -2.99548 3.98836
4.07 -2.9553 4.01831
4.08 -2.91482 4.04787
4.09 -2.87405 4.07701
4.1 -2.83299 4.10575
4.11 -2.79165 4.13408
4.12 -2.75003 4.162
4.13 -2.70814 4.1895
4.14 -2.66597 4.21658
4.15 -2.62354 4.24324
4.16 -2.58084 4.26948
4.17 -2.53789 4.29529
4.18 -2.49468 4.32066
4.19 -2.45123 4.34561
4.2 -2.40753 4.37012
4.21 -2.36358 4.3942
4.22 -2.31941 4.41783
4.23 -2.275 4.44103
4.24 -2.23036 4.46378
4.25 -2.1855 4.48608
4.26 -2.14042 4.50794
4.27 -2.09512 4.52934
4.28 -2.04962 4.55029
4.29 -2.00391 4.57079
4.3 -1.95801 4.59083
4.31 -1.9119 4.61041
4.32 -1.86561 4.62953
4.33 -1.81912 4.64818
4.34 -1.77246 4.66637
4.35 -1.72562 4.6841
4.36 -1.67861 4.70136
4.37 -1.63142 4.71814
4.38 -1.58408 4.73446
4.39 -1.53658 4.7503
4.4 -1.48892 4.76566
4.41 -1.44111 4.78055
4.42 -1.39317 4.79496
4.43 -1.34508 4.80889
4.44 -1.29685 4.82234
4.45 -1.2485 4.83531
4.46 -1.20002 4.8478
4.47 -1.15142 4.8598
4.48 -1.10271 4.87131
4.49 -1.05389 4.88234
4.5 -1.00496 4.89288
4.51 -0.955929 4.90293
4.52 -0.906804 4.91249
4.53 -0.857589 4.92156
4.54 -0.808288 4.93013
4.55 -0.758905 4.93821
4.56 -0.709447 4.9458
4.57 -0.659918 4.9529
4.58 -0.610323 4.9595
4.59 -0.560667 4.9656
4.6 -0.510955 4.97121
4.61 -0.461192 4.97632
4.62 -0.411383 4.98093
4.63 -0.361532 4.98504
4.64 -0.311646 4.98866
4.65 -0.261728 4.99177
4.66 -0.211784 4.99439
4.67 -0.161819 4.99651
4.68 -0.111838 4.99813
4.69 -0.0618454 4.99925
4.7 -0.0118468 4.99986
4.71 0.0381531 4.99998
4.72 0.0881491 4.9996
4.73 0.138136 4.99872
4.74 0.18811 4.99734
4.75 0.238064 4.99546
4.76 0.287995 4.99308
4.77 0.337897 4.9902
4.78 0.387765 4.98682
4.79 0.437595 4.98294
4.8 0.48738 4.97856
4.81 0.537117 4.97369
4.82 0.5868 4.96832
4.83 0.636425 4.96245
4.84 0.685986 4.95609
4.85 0.735478 4.94923
4.86 0.784897 4.94187
4.87 0.834237 4.93402
4.88 0.883494 4.92568
4.89 0.932662 4.91685
4.9 0.981737 4.90752
4.91 1.03071 4.8977
4.92 1.07959 4.88739
4.93 1.12835 4.8766
4.94 1.17701 4.86532
4.95 1.22554 4.85355
4.96 1.27396 4.84129
4.97 1.32224 4.82855
4.98 1.37039 4.81533
4.99 1.41841 4.80162
5 1.46629 4.78744
5.01 1.51401 4.77278
5.02 1.56159 4.75764
5.03 1.60901 4.74202
5.04 1.65627 4.72593
5.05 1.70336 4.70937
5.06 1.75029 4.69233
5.07 1.79703 4.67483
5.08 1.8436 4.65686
5.09 1.88999 4.63843
5.1 1.93618 4.61953
5.11 1.98218 4.60016
5.12 2.02799 4.58034
5.13 2.07359 4.56006
5.14 2.11898 4.53933
5.15 2.16416 4.51814
5.16 2.20913 4.49649
5.17 2.25387 4.4744
5.18 2.29839 4.45186
5.19 2.34268 4.42888
5.2 2.38673 4.40545
5.21 2.43055 4.38159
5.22 2.47412 4.35728
5.23 2.51745 4.33254
5.24 2.56052 4.30737
5.25 2.60334 4.28176
5.26 2.6459 4.25573
5.27 2.68819 4.22927
5.28 2.73021 4.20239
5.29 2.77196 4.17508
5.3 2.81344 4.14736
5.31 2.85463 4.11923
5.32 2.89554 4.09068
5.33 2.93615 4.06173
5.34 2.97648 4.03237
5.35 3.0165 4.0026
5.36 3.05623 3.97244
5.37 3.09565 3.94187
5.38 3.13476 3.91092
5.39 3.17355 3.87957
5.4 3.21203 3.84783
5.41 3.25019 3.81571
5.42 3.28802 3.78321
5.43 3.32552 3.75033
5.44 3.36269 3.71708
5.45 3.39953 3.68345
5.46 3.43602 3.64946
5.47 3.47217 3.61509
5.48 3.50798 3.58037
5.49 3.54343 3.54529
5.5 3.57853 3.50986
5.51 3.61327 3.47407
5.52 3.64765 3.43794
5.53 3.68166 3.40146
5.54 3.71531 3.36465
5.55 3.74858 3.32749
5.56 3.78148 3.29001
5.57 3.81401 3.25219
5.58 3.84615 3.21405
5.59 3.8779 3.17559
5.6 3.90927 3.13681
5.61 3.94025 3.09772
5.62 3.97083 3.05832
5.63 4.00102 3.01861
5.64 4.0308 2.9786
5.65 4.06019 2.93829
5.66 4.08916 2.89769
5.67 4.11773 2.8568
5.68 4.14589 2.81562
5.69 4.17363 2.77416
5.7 4.20095 2.73243
5.71 4.22786 2.69042
5.72 4.25434 2.64814
5.73 4.2804 2.60559
5.74 4.30602 2.56279
5.75 4.33122 2.51973
5.76 4.35598 2.47642
5.77 4.38031 2.43286
5.78 4.4042 2.38906
5.79 4.42765 2.34501
5.8 4.45066 2.30074
5.81 4.47322 2.25623
5.82 4.49534 2.2115
5.83 4.517 2.16654
5.84 4.53822 2.12137
5.85 4.55898 2.07599
5.86 4.57928 2.0304
5.87 4.59913 1.98461
5.88 4.61851 1.93862
5.89 4.63744 1.89243
5.9 4.6559 1.84606
5.91 4.67389 1.7995
5.92 4.69142 1.75276
5.93 4.70848 1.70585
5.94 4.72507 1.65876
5.95 4.74118 1.61151
5.96 4.75682 1.5641
5.97 4.77199 1.51653
5.98 4.78668 1.46881
5.99 4.80089 1.42094
6 4.81462 1.37294
6.01 4.82786 1.32479
6.02 4.84063 1.27651
6.03 4.85291 1.2281
6.04 4.86471 1.17958
6.05 4.87601 1.13093
6.06 4.88684 1.08217
6.07 4.89717 1.0333
6.08 4.90701 0.984328
6.09 4.91637 0.935258
6.1 4.92523 0.886094
6.11 4.93359 0.836842
6.12 4.94147 0.787506
6.13 4.94885 0.738091
6.14 4.95574 0.688603
6.15 4.96213 0.639046
6.16 4.96802 0.589424
6.17 4.97342 0.539744
6.18 4.97832 0.49001
6.19 4.98272 0.440227
6.2 4.98663 0.390399
6.21 4.99003 0.340533
6.22 4.99294 0.290633
6.23 4.99534 0.240704
6.24 4.99725 0.19075
6.25 4.99866 0.140778
6.26 4.99957 0.090791
6.27 4.99998 0.0407954
6.28 4.99988 -0.0092044
6.29 4.99929 -0.0592032
6.3 4.9982 -0.109196
6.31 4.99661 -0.159178
6.32 4.99452 -0.209144
6.33 4.99192 -0.259089
6.34 4.98883 -0.309009
6.35 4.98525 -0.358897
6.36 4.98116 -0.408749
6.37 4.97657 -0.458561
6.38 4.97149 -0.508327
6.39 4.96591 -0.558042
6.4 4.95983 -0.607701
6.41 4.95326 -0.657299
6.42 4.94619 -0.706832
6.43 4.93863 -0.756294
6.44 4.93057 -0.80568
6.45 4.92202 -0.854986
6.46 4.91298 -0.904206
6.47 4.90345 -0.953336
6.48 4.89342 -1.00237
6.49 4.88291 -1.0513
6.5 4.87191 -1.10013
6.51 4.86042 -1.14885
6.52 4.84844 -1.19746
6.53 4.83599 -1.24594
6.54 4.82304 -1.2943
6.55 4.80962 -1.34253
6.56 4.79571 -1.39063
6.57 4.78132 -1.43858
6.58 4.76646 -1.4864
6.59 4.75112 -1.53406
6.6 4.7353 -1.58157
6.61 4.71902 -1.62893
6.62 4.70225 -1.67612
6.63 4.68502 -1.72314
6.64 4.66732 -1.76999
6.65 4.64916 -1.81666
6.66 4.63052 -1.86315
6.67 4.61143 -1.90946
6.68 4.59187 -1.95557
6.69 4.57186 -2.00149
6.7 4.55139 -2.04721
6.71 4.53046 -2.09273
6.72 4.50908 -2.13803
6.73 4.48725 -2.18312
6.74 4.46497 -2.22799
6.75 4.44224 -2.27264
6.76 4.41907 -2.31707
6.77 4.39546 -2.36126
6.78 4.37141 -2.40521
6.79 4.34692 -2.44892
6.8 4.32199 -2.49239
6.81 4.29664 -2.53561
6.82 4.27085 -2.57858
6.83 4.24464 -2.62129
6.84 4.218 -2.66373
6.85 4.19094 -2.70591
6.86 4.16346 -2.74782
6.87 4.13557 -2.78946
6.88 4.10726 -2.83081
6.89 4.07854 -2.87189
6.9 4.04942 -2.91267
6.91 4.01988 -2.95317
6.92 3.98995 -2.99337
6.93 3.95962 -3.03327
6.94 3.92889 -3.07286
6.95 3.89777 -3.11215
6.96 3.86626 -3.15113
6.97 3.83436 -3.18979
6.98 3.80208 -3.22813
6.99 3.76942 -3.26615
7 3.73638 -3.30385
7.01 3.70296 -3.34121
7.02 3.66918 -3.37824
7.03 3.63503 -3.41493
7.04 3.60052 -3.45128
7.05 3.56565 -3.48729
7.06 3.53042 -3.52295
7.07 3.49484 -3.55825
7.08 3.4589 -3.5932
7.09 3.42263 -3.62779
7.1 3.38601 -3.66201
7.11 3.34905 -3.69587
7.12 3.31175 -3.72936
7.13 3.27413 -3.76248
7.14 3.23618 -3.79522
7.15 3.1979 -3.82759
7.16 3.1593 -3.85956
7.17 3.12039 -3.89116
7.18 3.08117 -3.92236
7.19 3.04164 -3.95317
7.2 3.0018 -3.98359
7.21 2.96167 -4.01361
7.22 2.92123 -4.04322
7.23 2.88051 -4.07244
7.24 2.8395 -4.10124
7.25 2.7982 -4.12964
7.26 2.75662 -4.15762
7.27 2.71477 -4.18518
7.28 2.67265 -4.21233
7.29 2.63026 -4.23906
7.3 2.5876 -4.26536
7.31 2.54469 -4.29124
7.32 2.50153 -4.31668
7.33 2.45811 -4.3417
7.34 2.41445 -4.36628
7.35 2.37054 -4.39043
7.36 2.3264 -4.41413
7.37 2.28203 -4.43739
7.38 2.23742 -4.46021
7.39 2.1926 -4.48259
7.4 2.14755 -4.50451
7.41 2.10229 -4.52599
7.42 2.05682 -4.54701
7.43 2.01115 -4.56758
7.44 1.96527 -4.58769
7.45 1.9192 -4.60735
7.46 1.87293 -4.62654
7.47 1.82648 -4.64527
7.48 1.77984 -4.66353
7.49 1.73303 -4.68133
7.5 1.68604 -4.69866
7.51 1.63889 -4.71552
7.52 1.59157 -4.73191
7.53 1.54409 -4.74783
7.54 1.49646 -4.76327
7.55 1.44868 -4.77823
7.56 1.40075 -4.79272
7.57 1.35268 -4.80673
7.58 1.30448 -4.82025
7.59 1.25615 -4.8333
7.6 1.20769 -4.84586
7.61 1.15911 -4.85794
7.62 1.11041 -4.86953
7.63 1.06161 -4.88063
7.64 1.01269 -4.89125
7.65 0.96368 -4.90137
7.66 0.91457 -4.91101
7.67 0.865369 -4.92016
7.68 0.81608 -4.92881
7.69 0.766711 -4.93697
7.7 0.717264 -4.94464
7.71 0.667746 -4.95181
7.72 0.618161 -4.95849
7.73 0.568515 -4.96467
7.74 0.518811 -4.97035
7.75 0.469056 -4.97554
7.76 0.419253 -4.98023
7.77 0.369409 -4.98443
7.78 0.319528 -4.98812
7.79 0.269615 -4.99132
7.8 0.219675 -4.99401
7.81 0.169713 -4.99621
7.82 0.119734 -4.99791
7.83 0.0697426 -4.9991
7.84 0.0197446 -4.9998
7.85 -0.0302554 -5
7.86 -0.0802523 -4.99969
7.87 -0.130241 -4.99889
7.88 -0.180217 -4.99759
7.89 -0.230175 -4.99579
7.9 -0.28011 -4.99349
7.91 -0.330017 -4.99068
7.92 -0.379891 -4.98738
7.93 -0.429726 -4.98359
7.94 -0.479519 -4.97929
7.95 -0.529264 -4.97449
7.96 -0.578956 -4.9692
7.97 -0.62859 -4.96341
7.98 -0.678162 -4.95713
7.99 -0.727665 -4.95034
8 -0.777096 -4.94307
8.01 -0.826449 -4.9353
8.02 -0.875719 -4.92703
8.03 -0.924902 -4.91827
8.04 -0.973992 -4.90903
8.05 -1.02298 -4.89929
8.06 -1.07188 -4.88906
8.07 -1.12066 -4.87834
8.08 -1.16933 -4.86713
8.09 -1.21788 -4.85544
8.1 -1.26632 -4.84326
8.11 -1.31462 -4.83059
8.12 -1.3628 -4.81745
8.13 -1.41084 -4.80382
8.14 -1.45873 -4.78971
8.15 -1.50648 -4.77512
8.16 -1.55408 -4.76006
8.17 -1.60153 -4.74452
8.18 -1.64881 -4.7285
8.19 -1.69594 -4.71202
8.2 -1.74289 -4.69506
8.21 -1.78966 -4.67763
8.22 -1.83626 -4.65973
8.23 -1.88267 -4.64137
8.24 -1.9289 -4.62254
8.25 -1.97493 -4.60325
8.26 -2.02077 -4.5835
8.27 -2.0664 -4.5633
8.28 -2.11183 -4.54263
8.29 -2.15704 -4.52151
8.3 -2.20204 -4.49994
8.31 -2.24682 -4.47792
8.32 -2.29137 -4.45545
8.33 -2.3357 -4.43254
8.34 -2.37979 -4.40918
8.35 -2.42364 -4.38539
8.36 -2.46726 -4.36115
8.37 -2.51062 -4.33648
8.38 -2.55373 -4.31137
8.39 -2.59659 -4.28583
8.4 -2.63919 -4.25987
8.41 -2.68153 -4.23348
8.42 -2.72359 -4.20666
8.43 -2.76539 -4.17942
8.44 -2.8069 -4.15177
8.45 -2.84814 -4.1237
8.46 -2.88909 -4.09522
8.47 -2.92976 -4.06633
8.48 -2.97013 -4.03703
8.49 -3.0102 -4.00733
8.5 -3.04997 -3.97723
8.51 -3.08944 -3.94673
8.52 -3.1286 -3.91583
8.53 -3.16744 -3.88455
8.54 -3.20597 -3.85287
8.55 -3.24418 -3.82081
8.56 -3.28206 -3.78837
8.57 -3.31962 -3.75555
8.58 -3.35684 -3.72236
8.59 -3.39373 -3.68879
8.6 -3.43028 -3.65485
8.61 -3.46649 -3.62055
8.62 -3.50234 -3.58588
8.63 -3.53785 -3.55086
8.64 -3.57301 -3.51548
8.65 -3.60781 -3.47975
8.66 -3.64224 -3.44367
8.67 -3.67631 -3.40725
8.68 -3.71002 -3.37049
8.69 -3.74335 -3.33339
8.7 -3.77631 -3.29595
8.71 -3.80889 -3.25819
8.72 -3.8411 -3.2201
8.73 -3.87291 -3.18169
8.74 -3.90434 -3.14296
8.75 -3.93538 -3.10392
8.76 -3.96603 -3.06456
8.77 -3.99628 -3.0249
8.78 -4.02613 -2.98494
8.79 -4.05557 -2.94468
8.8 -4.08461 -2.90412
8.81 -4.11325 -2.86328
8.82 -4.14147 -2.82214
8.83 -4.16928 -2.78073
8.84 -4.19667 -2.73904
8.85 -4.22364 -2.69707
8.86 -4.25018 -2.65483
8.87 -4.27631 -2.61233
8.88 -4.302 -2.56957
8.89 -4.32727 -2.52655
8.9 -4.3521 -2.48328
8.91 -4.3765 -2.43976
8.92 -4.40046 -2.39599
8.93 -4.42398 -2.35199
8.94 -4.44706 -2.30775
8.95 -4.46969 -2.26328
8.96 -4.49188 -2.21858
8.97 -4.51361 -2.17366
8.98 -4.5349 -2.12852
8.99 -4.55573 -2.08317
9 -4.5761 -2.03762
9.01 -4.59602 -1.99186
9.02 -4.61548 -1.9459
9.03 -4.63448 -1.89974
9.04 -4.65301 -1.8534
9.05 -4.67108 -1.80687
9.06 -4.68868 -1.76016
9.07 -4.70582 -1.71327
9.08 -4.72248 -1.66621
9.09 -4.73867 -1.61899
9.1 -4.75438 -1.5716
9.11 -4.76963 -1.52406
9.12 -4.78439 -1.47636
9.13 -4.79867 -1.42851
9.14 -4.81248 -1.38053
9.15 -4.8258 -1.3324
9.16 -4.83864 -1.28415
9.17 -4.851 -1.23576
9.18 -4.86287 -1.18725
9.19 -4.87426 -1.13862
9.2 -4.88516 -1.08988
9.21 -4.89557 -1.04103
9.22 -4.90549 -0.99207
9.23 -4.91492 -0.943015
9.24 -4.92386 -0.893866
9.25 -4.93231 -0.844627
9.26 -4.94026 -0.795304
9.27 -4.94772 -0.745902
9.28 -4.95468 -0.696425
9.29 -4.96115 -0.646878
9.3 -4.96712 -0.597266
9.31 -4.9726 -0.547595
9.32 -4.97758 -0.497869
9.33 -4.98206 -0.448093
9.34 -4.98604 -0.398273
9.35 -4.98953 -0.348412
9.36 -4.99251 -0.298517
9.37 -4.995 -0.248592
9.38 -4.99698 -0.198642
9.39 -4.99847 -0.148672
9.4 -4.99946 -0.0986875
9.41 -4.99994 -0.0486929
9.42 -4.99993 0.00130655
9.43 -4.99942 0.0513059
9.44 -4.9984 0.1013
9.45 -4.99689 0.151284
9.46 -4.99488 0.201253
9.47 -4.99237 0.251202
9.48 -4.98936 0.301125
9.49 -4.98585 0.351019
9.5 -4.98184 0.400877
9.51 -4.97733 0.450696
9.52 -4.97233 0.500469
9.53 -4.96682 0.550192
9.54 -4.96082 0.599861
9.55 -4.95433 0.649469
9.56 -4.94734 0.699012
9.57 -4.93986 0.748486
9.58 -4.93188 0.797884
9.59 -4.9234 0.847203
9.6 -4.91444 0.896437
9.61 -4.90498 0.945581
9.62 -4.89504 0.994631
9.63 -4.8846 1.04358
9.64 -4.87368 1.09243
9.65 -4.86227 1.14116
9.66 -4.85037 1.18979
9.67 -4.83799 1.23829
9.68 -4.82512 1.28667
9.69 -4.81177 1.33492
9.7 -4.79794 1.38304
9.71 -4.78363 1.43102
9.72 -4.76884 1.47886
9.73 -4.75357 1.52654
9.74 -4.73783 1.57408
9.75 -4.72162 1.62146
9.76 -4.70493 1.66867
9.77 -4.68778 1.71572
9.78 -4.67015 1.7626
9.79 -4.65206 1.8093
9.8 -4.6335 1.85582
9.81 -4.61448 1.90216
9.82 -4.59499 1.9483
9.83 -4.57505 1.99425
9.84 -4.55465 2.04
9.85 -4.5338 2.08555
9.86 -4.51249 2.13089
9.87 -4.49073 2.17601
9.88 -4.46852 2.22092
9.89 -4.44586 2.2656
9.9 -4.42276 2.31006
9.91 -4.39922 2.35429
9.92 -4.37524 2.39828
9.93 -4.35081 2.44204
9.94 -4.32596 2.48554
9.95 -4.30067 2.5288
9.96 -4.27495 2.57181
9.97 -4.24881 2.61456
9.98 -4.22224 2.65705
9.99 -4.19524 2.69927
10 -4.16783 2.74122
10.01 -4.14 2.7829
10.02 -4.11176 2.8243
10.03 -4.08311 2.86542
10.04 -4.05404 2.90625
10.05 -4.02458 2.94679
10.06 -3.99471 2.98704
10.07 -3.96444 3.02698
10.08 -3.93377 3.06663
10.09 -3.90271 3.10596
10.1 -3.87126 3.14499
10.11 -3.83942 3.1837
10.12 -3.8072 3.2221
10.13 -3.7746 3.26017
10.14 -3.74162 3.29792
10.15 -3.70827 3.33533
10.16 -3.67454 3.37242
10.17 -3.64045 3.40916
10.18 -3.606 3.44557
10.19 -3.57118 3.48163
10.2 -3.53601 3.51734
10.21 -3.50048 3.5527
10.22 -3.4646 3.5877
10.23 -3.42838 3.62235
10.24 -3.39181 3.65663
10.25 -3.35491 3.69055
10.26 -3.31767 3.7241
10.27 -3.28009 3.75728
10.28 -3.24219 3.79008
10.29 -3.20397 3.8225
10.3 -3.16542 3.85454
10.31 -3.12656 3.88619
10.32 -3.08739 3.91746
10.33 -3.0479 3.94833
10.34 -3.00811 3.97881
10.35 -2.96803 4.00889
10.36 -2.92764 4.03857
10.37 -2.88696 4.06785
10.38 -2.84599 4.09672
10.39 -2.80474 4.12518
10.4 -2.76321 4.15323
10.41 -2.7214 4.18086
10.42 -2.67932 4.20807
10.43 -2.63697 4.23487
10.44 -2.59436 4.26123
10.45 -2.55149 4.28718
10.46 -2.50836 4.31269
10.47 -2.46498 4.33778
10.48 -2.42136 4.36243
10.49 -2.37749 4.38664
10.5 -2.33339 4.41042
10.51 -2.28905 4.43375
10.52 -2.24448 4.45664
10.53 -2.19969 4.47908
10.54 -2.15468 4.50108
10.55 -2.10946 4.52263
10.56 -2.06402 4.54372
10.57 -2.01838 4.56436
10.58 -1.97253 4.58455
10.59 -1.92649 4.60427
10.6 -1.88025 4.62354
10.61 -1.83383 4.64234
10.62 -1.78722 4.66068
10.63 -1.74044 4.67855
10.64 -1.69348 4.69595
10.65 -1.64635 4.71289
10.66 -1.59905 4.72935
10.67 -1.5516 4.74534
10.68 -1.50399 4.76086
10.69 -1.45623 4.7759
10.7 -1.40833 4.79046
10.71 -1.36028 4.80454
10.72 -1.3121 4.81815
10.73 -1.26379 4.83127
10.74 -1.21535 4.84391
10.75 -1.16679 4.85606
10.76 -1.11811 4.86773
10.77 -1.06932 4.87891
10.78 -1.02043 4.8896
10.79 -0.971429 4.89981
10.8 -0.922334 4.90952
10.81 -0.873146 4.91874
10.82 -0.823871 4.92748
10.83 -0.774514 4.93571
10.84 -0.72508 4.94346
10.85 -0.675573 4.95071
10.86 -0.625998 4.95747
10.87 -0.576361 4.96373
10.88 -0.526666 4.96949
10.89 -0.476918 4.97476
10.9 -0.427123 4.97953
10.91 -0.377285 4.9838
10.92 -0.327409 4.98757
10.93 -0.277501 4.99084
10.94 -0.227565 4.99362
10.95 -0.177606 4.99589
10.96 -0.127629 4.99767
10.97 -0.0776396 4.99895
10.98 -0.0276423 4.99972
10.99 0.0223577 5
11 0.0723554 4.99978
11.01 0.122346 4.99905
11.02 0.172324 4.99783
11.03 0.222285 4.99611
11.04 0.272224 4.99388
11.05 0.322136 4.99116
11.06 0.372015 4.98794
11.07 0.421857 4.98422
11.08 0.471657 4.98
11.09 0.52141 4.97528
11.1 0.571111 4.97007
11.11 0.620754 4.96436
11.12 0.670336 4.95815
11.13 0.71985 4.95145
11.14 0.769293 4.94425
11.15 0.818658 4.93656
11.16 0.867942 4.92837
11.17 0.917139 4.91969
11.18 0.966244 4.91052
11.19 1.01525 4.90086
11.2 1.06416 4.8907
11.21 1.11296 4.88006
11.22 1.16165 4.86893
11.23 1.21022 4.85732
11.24 1.25868 4.84521
11.25 1.307 4.83263
11.26 1.3552 4.81956
11.27 1.40326 4.80601
11.28 1.45118 4.79197
11.29 1.49895 4.77746
11.3 1.54658 4.76247
11.31 1.59405 4.74701
11.32 1.64136 4.73107
11.33 1.6885 4.71465
11.34 1.73548 4.69777
11.35 1.78229 4.68041
11.36 1.82891 4.66259
11.37 1.87535 4.6443
11.38 1.92161 4.62555
11.39 1.96767 4.60633
11.4 2.01354 4.58665
11.41 2.0592 4.56652
11.42 2.10466 4.54593
11.43 2.14991 4.52488
11.44 2.19495 4.50338
11.45 2.23976 4.48143
11.46 2.28435 4.45903
11.47 2.32871 4.43619
11.48 2.37284 4.4129
11.49 2.41673 4.38917
11.5 2.46038 4.36501
11.51 2.50379 4.3404
11.52 2.54694 4.31536
11.53 2.58984 4.2899
11.54 2.63248 4.264
11.55 2.67486 4.23767
11.56 2.71697 4.21092
11.57 2.7588 4.18375
11.58 2.80037 4.15617
11.59 2.84165 4.12816
11.6 2.88264 4.09975
11.61 2.92335 4.07092
11.62 2.96377 4.04169
11.63 3.00389 4.01205
11.64 3.04371 3.98201
11.65 3.08323 3.95157
11.66 3.12243 3.92074
11.67 3.16133 3.88952
11.68 3.19991 3.8579
11.69 3.23817 3.8259
11.7 3.2761 3.79352
11.71 3.31371 3.76076
11.72 3.35099 3.72762
11.73 3.38793 3.69411
11.74 3.42453 3.66023
11.75 3.46079 3.62599
11.76 3.4967 3.59138
11.77 3.53227 3.55641
11.78 3.56748 3.52109
11.79 3.60233 3.48542
11.8 3.63683 3.44939
11.81 3.67096 3.41303
11.82 3.70472 3.37632
11.83 3.73811 3.33927
11.84 3.77113 3.30189
11.85 3.80377 3.26418
11.86 3.83603 3.22614
11.87 3.86791 3.18778
11.88 3.8994 3.1491
11.89 3.9305 3.1101
11.9 3.96121 3.0708
11.91 3.99152 3.03119
11.92 4.02144 2.99127
11.93 4.05095 2.95106
11.94 4.08005 2.91055
11.95 4.10875 2.86975
11.96 4.13704 2.82866
11.97 4.16491 2.78729
11.98 4.19237 2.74564
11.99 4.2194 2.70372
12 4.24602 2.66152
12.01 4.27221 2.61906
12.02 4.29797 2.57634
12.03 4.32331 2.53336
12.04 4.34821 2.49013
12.05 4.37267 2.44665
12.06 4.3967 2.40292
12.07 4.42029 2.35895
12.08 4.44344 2.31475
12.09 4.46614 2.27031
12.1 4.4884 2.22565
12.11 4.51021 2.18077
12.12 4.53156 2.13567
12.13 4.55247 2.09035
12.14 4.57292 2.04483
12.15 4.59291 1.9991
12.16 4.61244 1.95317
12.17 4.63151 1.90704
12.18 4.65012 1.86073
12.19 4.66826 1.81423
12.2 4.68593 1.76755
12.21 4.70314 1.72069
12.22 4.71988 1.67365
12.23 4.73614 1.62646
12.24 4.75193 1.57909
12.25 4.76725 1.53158
12.26 4.78209 1.4839
12.27 4.79645 1.43608
12.28 4.81033 1.38812
12.29 4.82373 1.34001
12.3 4.83665 1.29178
12.31 4.84908 1.24341
12.32 4.86103 1.19492
12.33 4.87249 1.14631
12.34 4.88347 1.09758
12.35 4.89396 1.04875
12.36 4.90396 0.99981
12.37 4.91346 0.95077
12.38 4.92248 0.901636
12.39 4.931 0.852411
12.4 4.93904 0.803101
12.41 4.94657 0.75371
12.42 4.95361 0.704245
12.43 4.96016 0.654709
12.44 4.96621 0.605107
12.45 4.97177 0.555445
12.46 4.97682 0.505727
12.47 4.98138 0.455959
12.48 4.98545 0.406145
12.49 4.98901 0.356291
12.5 4.99207 0.3064
12.51 4.99464 0.25648
12.52 4.9967 0.206533
12.53 4.99827 0.156566
12.54 4.99933 0.106584
12.55 4.9999 0.0565903
12.56 4.99997 0.0065913
12.57 4.99953 -0.0434084
12.58 4.9986 -0.0934037
12.59 4.99716 -0.14339
12.6 4.99523 -0.193361
12.61 4.9928 -0.243314
12.62 4.98986 -0.293242
12.63 4.98643 -0.34314
12.64 4.9825 -0.393005
12.65 4.97808 -0.44283
12.66 4.97315 -0.49261
12.67 4.96773 -0.542342
12.68 4.96181 -0.592019
12.69 4.95539 -0.641637
12.7 4.94848 -0.691191
12.71 4.94107 -0.740676
12.72 4.93317 -0.790087
12.73 4.92478 -0.839418
12.74 4.91589 -0.888666
12.75 4.90651 -0.937825
12.76 4.89664 -0.98689
12.77 4.88628 -1.03586
12.78 4.87544 -1.08472
12.79 4.8641 -1.13347
12.8 4.85228 -1.18211
12.81 4.83997 -1.23064
12.82 4.82718 -1.27904
12.83 4.81391 -1.32731
12.84 4.80016 -1.37545
12.85 4.78592 -1.42345
12.86 4.77121 -1.47131
12.87 4.75602 -1.51902
12.88 4.74035 -1.56658
12.89 4.72421 -1.61398
12.9 4.7076 -1.66123
12.91 4.69052 -1.7083
12.92 4.67296 -1.75521
12.93 4.65495 -1.80194
12.94 4.63646 -1.84849
12.95 4.61751 -1.89485
12.96 4.5981 -1.94103
12.97 4.57823 -1.98701
12.98 4.5579 -2.03279
12.99 4.53712 -2.07837
13 4.51588 -2.12374
13.01 4.49419 -2.1689
13.02 4.47206 -2.21384
13.03 4.44947 -2.25856
13.04 4.42644 -2.30306
13.05 4.40297 -2.34732
13.06 4.37905 -2.39135
13.07 4.3547 -2.43514
13.08 4.32991 -2.47869
13.09 4.30469 -2.52199
13.1 4.27904 -2.56503
13.11 4.25297 -2.60782
13.12 4.22646 -2.65035
13.13 4.19954 -2.69262
13.14 4.17219 -2.73461
13.15 4.14443 -2.77634
13.16 4.11625 -2.81778
13.17 4.08766 -2.85894
13.18 4.05866 -2.89982
13.19 4.02926 -2.94041
13.2 3.99945 -2.9807
13.21 3.96924 -3.02069
13.22 3.93864 -3.06039
13.23 3.90764 -3.09977
13.24 3.87625 -3.13885
13.25 3.84448 -3.17761
13.26 3.81232 -3.21606
13.27 3.77977 -3.25418
13.28 3.74685 -3.29198
13.29 3.71356 -3.32944
13.3 3.67989 -3.36658
13.31 3.64586 -3.40338
13.32 3.61146 -3.43984
13.33 3.5767 -3.47595
13.34 3.54159 -3.51172
13.35 3.50611 -3.54714
13.36 3.47029 -3.5822
13.37 3.43412 -3.6169
13.38 3.39761 -3.65124
13.39 3.36076 -3.68522
13.4 3.32357 -3.71882
13.41 3.28605 -3.75206
13.42 3.2482 -3.78492
13.43 3.21003 -3.8174
13.44 3.17153 -3.8495
13.45 3.13272 -3.88122
13.46 3.09359 -3.91255
13.47 3.05416 -3.94348
13.48 3.01442 -3.97402
13.49 2.97438 -4.00417
13.5 2.93404 -4.03391
13.51 2.89341 -4.06325
13.52 2.85248 -4.09219
13.53 2.81128 -4.12071
13.54 2.76979 -4.14882
13.55 2.72802 -4.17652
13.56 2.68599 -4.2038
13.57 2.64368 -4.23066
13.58 2.60111 -4.2571
13.59 2.55828 -4.28311
13.6 2.51519 -4.30869
13.61 2.47185 -4.33384
13.62 2.42827 -4.35856
13.63 2.38444 -4.38284
13.64 2.34037 -4.40669
13.65 2.29607 -4.43009
13.66 2.25154 -4.45305
13.67 2.20678 -4.47557
13.68 2.16181 -4.49764
13.69 2.11661 -4.51925
13.7 2.07121 -4.54042
13.71 2.0256 -4.56113
13.72 1.97978 -4.58139
13.73 1.93377 -4.60119
13.74 1.88757 -4.62052
13.75 1.84117 -4.6394
13.76 1.7946 -4.65781
13.77 1.74784 -4.67576
13.78 1.70091 -4.69324
13.79 1.6538 -4.71025
13.8 1.60654 -4.72678
13.81 1.55911 -4.74285
13.82 1.51152 -4.75844
13.83 1.46379 -4.77356
13.84 1.4159 -4.78819
13.85 1.36788 -4.80235
13.86 1.31972 -4.81603
13.87 1.27143 -4.82923
13.88 1.22301 -4.84194
13.89 1.17447 -4.85417
13.9 1.12581 -4.86592
13.91 1.07704 -4.87718
13.92 1.02816 -4.88795
13.93 0.979175 -4.89823
13.94 0.930095 -4.90802
13.95 0.880922 -4.91732
13.96 0.83166 -4.92613
13.97 0.782316 -4.93445
13.98 0.732893 -4.94227
13.99 0.683397 -4.9496
14 0.633833 -4.95643
14.01 0.584205 -4.96277
14.02 0.534519 -4.96861
14.03 0.484779 -4.97396
14.04 0.434991 -4.97881
14.05 0.38516 -4.98316
14.06 0.33529 -4.98701
14.07 0.285386 -4.99036
14.08 0.235454 -4.99321
14.09 0.185498 -4.99557
14.1 0.135524 -4.99742
14.11 0.0855364 -4.99878
14.12 0.03554 -4.99963
14.13 -0.0144599 -4.99999
14.14 -0.0644583 -4.99984
14.15 -0.11445 -4.9992
14.16 -0.164431 -4.99806
14.17 -0.214395 -4.99641
14.18 -0.264338 -4.99427
14.19 -0.314254 -4.99162
14.2 -0.364139 -4.98848
14.21 -0.413987 -4.98484
14.22 -0.463794 -4.9807
14.23 -0.513555 -4.97606
14.24 -0.563264 -4.97093
14.25 -0.612917 -4.96529
14.26 -0.662509 -4.95916
14.27 -0.712034 -4.95254
14.28 -0.761488 -4.94542
14.29 -0.810866 -4.9378
14.3 -0.860163 -4.9297
14.31 -0.909374 -4.92109
14.32 -0.958494 -4.912
14.33 -1.00752 -4.90242
14.34 -1.05644 -4.89234
14.35 -1.10526 -4.88178
14.36 -1.15397 -4.87072
14.37 -1.20256 -4.85918
14.38 -1.25103 -4.84716
14.39 -1.29938 -4.83465
14.4 -1.34759 -4.82165
14.41 -1.39567 -4.80818
14.42 -1.44362 -4.79422
14.43 -1.49141 -4.77978
14.44 -1.53906 -4.76487
14.45 -1.58656 -4.74948
14.46 -1.63389 -4.73361
14.47 -1.68107 -4.71728
14.48 -1.72807 -4.70046
14.49 -1.7749 -4.68318
14.5 -1.82156 -4.66544
14.51 -1.86803 -4.64722
14.52 -1.91432 -4.62854
14.53 -1.96041 -4.6094
14.54 -2.00631 -4.58979
14.55 -2.052 -4.56973
14.56 -2.0975 -4.54921
14.57 -2.14278 -4.52823
14.58 -2.18785 -4.50681
14.59 -2.2327 -4.48493
14.6 -2.27732 -4.4626
14.61 -2.32172 -4.43983
14.62 -2.36589 -4.41661
14.63 -2.40982 -4.39295
14.64 -2.45351 -4.36885
14.65 -2.49695 -4.34432
14.66 -2.54014 -4.31935
14.67 -2.58308 -4.29395
14.68 -2.62576 -4.26812
14.69 -2.66818 -4.24186
14.7 -2.71033 -4.21518
14.71 -2.75221 -4.18807
14.72 -2.79382 -4.16055
14.73 -2.83515 -4.13261
14.74 -2.87619 -4.10426
14.75 -2.91694 -4.0755
14.76 -2.95741 -4.04633
14.77 -2.99757 -4.01676
14.78 -3.03744 -3.98678
14.79 -3.07701 -3.95641
14.8 -3.11626 -3.92564
14.81 -3.15521 -3.89447
14.82 -3.19384 -3.86292
14.83 -3.23215 -3.83098
14.84 -3.27013 -3.79866
14.85 -3.30779 -3.76596
14.86 -3.34512 -3.73288
14.87 -3.38211 -3.69943
14.88 -3.41877 -3.66561
14.89 -3.45509 -3.63142
14.9 -3.49105 -3.59687
14.91 -3.52667 -3.56196
14.92 -3.56194 -3.52669
14.93 -3.59685 -3.49107
14.94 -3.6314 -3.45511
14.95 -3.66559 -3.41879
14.96 -3.69941 -3.38214
14.97 -3.73286 -3.34514
14.98 -3.76594 -3.30781
14.99 -3.79864 -3.27015
15 -3.83096 -3.23217
15.01 -3.8629 -3.19386
15.02 -3.89446 -3.15523
15.03 -3.92562 -3.11628
15.04 -3.95639 -3.07703
15.05 -3.98676 -3.03746
15.06 -4.01674 -2.9976
15.07 -4.04631 -2.95743
15.08 -4.07548 -2.91697
15.09 -4.10425 -2.87621
15.1 -4.1326 -2.83517
15.11 -4.16054 -2.79384
15.12 -4.18806 -2.75224
15.13 -4.21516 -2.71036
15.14 -4.24184 -2.66821
15.15 -4.2681 -2.62579
15.16 -4.29393 -2.58311
15.17 -4.31933 -2.54017
15.18 -4.3443 -2.49697
15.19 -4.36884 -2.45353
15.2 -4.39294 -2.40984
15.21 -4.4166 -2.36591
15.22 -4.43981 -2.32175
15.23 -4.46259 -2.27735
15.24 -4.48491 -2.23272
15.25 -4.50679 -2.18787
15.26 -4.52822 -2.14281
15.27 -4.5492 -2.09752
15.28 -4.56972 -2.05203
15.29 -4.58978 -2.00633
15.3 -4.60938 -1.96044
15.31 -4.62853 -1.91434
15.32 -4.64721 -1.86806
15.33 -4.66542 -1.82159
15.34 -4.68317 -1.77493
15.35 -4.70045 -1.7281
15.36 -4.71727 -1.68109
15.37 -4.73361 -1.63392
15.38 -4.74947 -1.58659
15.39 -4.76486 -1.53909
15.4 -4.77978 -1.49144
15.41 -4.79421 -1.44365
15.42 -4.80817 -1.3957
15.43 -4.82165 -1.34762
15.44 -4.83464 -1.2994
15.45 -4.84715 -1.25106
15.46 -4.85918 -1.20259
15.47 -4.87072 -1.154
15.48 -4.88177 -1.10529
15.49 -4.89233 -1.05647
15.5 -4.90241 -1.00755
15.51 -4.91199 -0.958523
15.52 -4.92109 -0.909403
15.53 -4.92969 -0.860192
15.54 -4.9378 -0.810895
15.55 -4.94541 -0.761517
15.56 -4.95254 -0.712063
15.57 -4.95916 -0.662538
15.58 -4.96529 -0.612946
15.59 -4.97092 -0.563293
15.6 -4.97606 -0.513584
15.61 -4.9807 -0.463823
15.62 -4.98484 -0.414016
15.63 -4.98848 -0.364168
15.64 -4.99162 -0.314283
15.65 -4.99427 -0.264367
15.66 -4.99641 -0.214424
15.67 -4.99805 -0.16446
15.68 -4.9992 -0.11448
15.69 -4.99984 -0.0644876
15.7 -4.99999 -0.0144891
15.71 -4.99963 0.0355108
15.72 -4.99878 0.0855071
15.73 -4.99742 0.135495
15.74 -4.99557 0.185469
15.75 -4.99321 0.235425
15.76 -4.99036 0.285357
15.77 -4.98701 0.335261
15.78 -4.98316 0.385131
15.79 -4.97881 0.434962
15.8 -4.97396 0.48475
15.81 -4.96862 0.53449
15.82 -4.96277 0.584176
15.83 -4.95644 0.633804
15.84 -4.9496 0.683368
15.85 -4.94227 0.732864
15.86 -4.93445 0.782287
15.87 -4.92613 0.831631
15.88 -4.91733 0.880893
15.89 -4.90802 0.930066
15.9 -4.89823 0.979146
15.91 -4.88795 1.02813
15.92 -4.87718 1.07701
15.93 -4.86592 1.12578
15.94 -4.85418 1.17444
15.95 -4.84195 1.22298
15.96 -4.82924 1.2714
15.97 -4.81604 1.31969
15.98 -4.80236 1.36785
15.99 -4.7882 1.41588
16 -4.77356 1.46376
16.01 -4.75845 1.51149
16.02 -4.74286 1.55908
16.03 -4.72679 1.60651
16.04 -4.71026 1.65378
16.05 -4.69325 1.70088
16.06 -4.67577 1.74781
16.07 -4.65782 1.79457
16.08 -4.63941 1.84115
16.09 -4.62054 1.88754
16.1 -4.6012 1.93375
16.11 -4.5814 1.97976
16.12 -4.56115 2.02557
16.13 -4.54043 2.07118
16.14 -4.51927 2.11659
16.15 -4.49765 2.16178
16.16 -4.47558 2.20676
16.17 -4.45307 2.25151
16.18 -4.43011 2.29604
16.19 -4.4067 2.34034
16.2 -4.38286 2.38441
16.21 -4.35858 2.42824
16.22 -4.33386 2.47183
16.23 -4.30871 2.51516
16.24 -4.28312 2.55825
16.25 -4.25711 2.60108
16.26 -4.23068 2.64365
16.27 -4.20382 2.68596
16.28 -4.17654 2.728
16.29 -4.14884 2.76976
16.3 -4.12073 2.81125
16.31 -4.0922 2.85246
16.32 -4.06327 2.89338
16.33 -4.03393 2.93401
16.34 -4.00418 2.97435
16.35 -3.97404 3.0144
16.36 -3.9435 3.05414
16.37 -3.91256 3.09357
16.38 -3.88124 3.1327
16.39 -3.84952 3.17151
16.4 -3.81742 3.21
16.41 -3.78494 3.24818
16.42 -3.75208 3.28603
16.43 -3.71884 3.32355
16.44 -3.68524 3.36074
16.45 -3.65126 3.39759
16.46 -3.61692 3.4341
16.47 -3.58222 3.47027
16.48 -3.54716 3.50609
16.49 -3.51174 3.54156
16.5 -3.47597 3.57668
16.51 -3.43986 3.61144
16.52 -3.4034 3.64584
16.53 -3.3666 3.67987
16.54 -3.32947 3.71354
16.55 -3.292 3.74684
16.56 -3.2542 3.77976
16.57 -3.21608 3.8123
16.58 -3.17763 3.84446
16.59 -3.13887 3.87623
16.6 -3.09979 3.90762
16.61 -3.06041 3.93862
16.62 -3.02072 3.96923
16.63 -2.98072 3.99943
16.64 -2.94043 4.02924
16.65 -2.89984 4.05864
16.66 -2.85897 4.08764
16.67 -2.8178 4.11623
16.68 -2.77636 4.14441
16.69 -2.73464 4.17217
16.7 -2.69264 4.19952
16.71 -2.65038 4.22645
16.72 -2.60785 4.25295
16.73 -2.56506 4.27903
16.74 -2.52201 4.30468
16.75 -2.47871 4.3299
16.76 -2.43517 4.35469
16.77 -2.39138 4.37904
16.78 -2.34735 4.40295
16.79 -2.30308 4.42643
16.8 -2.25859 4.44946
16.81 -2.21387 4.47204
16.82 -2.16893 4.49418
16.83 -2.12377 4.51587
16.84 -2.0784 4.53711
16.85 -2.03282 4.55789
16.86 -1.98703 4.57822
16.87 -1.94105 4.59809
16.88 -1.89488 4.6175
16.89 -1.84851 4.63645
16.9 -1.80196 4.65493
16.91 -1.75524 4.67295
16.92 -1.70833 4.69051
16.93 -1.66125 4.70759
16.94 -1.61401 4.7242
16.95 -1.56661 4.74034
16.96 -1.51905 4.75601
16.97 -1.47134 4.7712
16.98 -1.42348 4.78591
16.99 -1.37548 4.80015
17 -1.32734 4.8139
17.01 -1.27907 4.82718
17.02 -1.23067 4.83997
17.03 -1.18214 4.85227
17.04 -1.1335 4.86409
17.05 -1.08475 4.87543
17.06 -1.03589 4.88628
17.07 -0.986919 4.89664
17.08 -0.937854 4.9065
17.09 -0.888695 4.91588
17.1 -0.839447 4.92477
17.11 -0.790115 4.93316
17.12 -0.740705 4.94107
17.13 -0.69122 4.94847
17.14 -0.641666 4.95539
17.15 -0.592048 4.9618
17.16 -0.542371 4.96772
17.17 -0.492639 4.97315
17.18 -0.442859 4.97807
17.19 -0.393034 4.9825
17.2 -0.343169 4.98643
17.21 -0.293271 4.98986
17.22 -0.243343 4.9928
17.23 -0.193391 4.99523
17.24 -0.143419 4.99716
17.25 -0.0934329 4.9986
17.26 -0.0434376 4.99953
17.27 0.00656203 4.99997
17.28 0.056561 4.9999
17.29 0.106554 4.99933
17.3 0.156537 4.99827
17.31 0.206504 4.9967
17.32 0.25645 4.99464
17.33 0.306371 4.99207
17.34 0.356261 4.98901
17.35 0.406116 4.98545
17.36 0.45593 4.98139
17.37 0.505698 4.97683
17.38 0.555416 4.97177
17.39 0.605078 4.96622
17.4 0.654679 4.96017
17.41 0.704216 4.95362
17.42 0.753681 4.94658
17.43 0.803072 4.93904
17.44 0.852382 4.93101
17.45 0.901607 4.92249
17.46 0.950741 4.91347
17.47 0.999781 4.90396
17.48 1.04872 4.89396
17.49 1.09756 4.88348
17.5 1.14628 4.8725
17.51 1.19489 4.86104
17.52 1.24338 4.84909
17.53 1.29175 4.83666
17.54 1.33999 4.82374
17.55 1.38809 4.81034
17.56 1.43605 4.79646
17.57 1.48387 4.7821
17.58 1.53155 4.76726
17.59 1.57907 4.75194
17.6 1.62643 4.73615
17.61 1.67363 4.71989
17.62 1.72066 4.70315
17.63 1.76752 4.68594
17.64 1.8142 4.66827
17.65 1.8607 4.65013
17.66 1.90702 4.63152
17.67 1.95314 4.61245
17.68 1.99907 4.59292
17.69 2.0448 4.57293
17.7 2.09033 4.55248
17.71 2.13564 4.53158
17.72 2.18074 4.51022
17.73 2.22563 4.48841
17.74 2.27029 4.46616
17.75 2.31472 4.44345
17.76 2.35893 4.42031
17.77 2.40289 4.39672
17.78 2.44662 4.37269
17.79 2.4901 4.34822
17.8 2.53334 4.32332
17.81 2.57632 4.29799
17.82 2.61904 4.27222
17.83 2.6615 4.24603
17.84 2.70369 4.21942
17.85 2.74562 4.19238
17.86 2.78727 4.16493
17.87 2.82864 4.13705
17.88 2.86972 4.10877
17.89 2.91052 4.08007
17.9 2.95103 4.05097
17.91 2.99125 4.02145
17.92 3.03116 3.99154
17.93 3.07078 3.96123
17.94 3.11008 3.93052
17.95 3.14908 3.89942
17.96 3.18776 3.86793
17.97 3.22612 3.83605
17.98 3.26415 3.80379
17.99 3.30187 3.77115
18 3.33925 3.73813
18.01 3.37629 3.70474
18.02 3.413 3.67098
18.03 3.44937 3.63685
18.04 3.4854 3.60235
18.05 3.52107 3.5675
18.06 3.55639 3.53229
18.07 3.59136 3.49672
18.08 3.62597 3.46081
18.09 3.66021 3.42455
18.1 3.69409 3.38795
18.11 3.7276 3.35101
18.12 3.76074 3.31373
18.13 3.7935 3.27612
18.14 3.82588 3.23819
18.15 3.85788 3.19993
18.16 3.8895 3.16135
18.17 3.92072 3.12246
18.18 3.95155 3.08325
18.19 3.98199 3.04373
18.2 4.01203 3.00391
18.21 4.04167 2.96379
18.22 4.0709 2.92338
18.23 4.09973 2.88267
18.24 4.12815 2.84167
18.25 4.15615 2.80039
18.26 4.18374 2.75883
18.27 4.21091 2.71699
18.28 4.23766 2.67488
18.29 4.26398 2.63251
18.3 4.28988 2.58987
18.31 4.31535 2.54697
18.32 4.34039 2.50381
18.33 4.36499 2.46041
18.34 4.38916 2.41676
18.35 4.41289 2.37287
18.36 4.43618 2.32874
18.37 4.45902 2.28438
18.38 4.48142 2.23979
18.39 4.50337 2.19497
18.4 4.52487 2.14994
18.41 4.54591 2.10469
18.42 4.56651 2.05923
18.43 4.58664 2.01357
18.44 4.60632 1.9677
18.45 4.62554 1.92164
18.46 4.64429 1.87538
18.47 4.66258 1.82894
18.48 4.6804 1.78231
18.49 4.69776 1.73551
18.5 4.71464 1.68853
18.51 4.73106 1.64138
18.52 4.747 1.59407
18.53 4.76246 1.5466
18.54 4.77745 1.49898
18.55 4.79196 1.4512
18.56 4.806 1.40329
18.57 4.81955 1.35523
18.58 4.83262 1.30703
18.59 4.84521 1.2587
18.6 4.85731 1.21025
18.61 4.86893 1.16168
18.62 4.88006 1.11299
18.63 4.8907 1.06419
18.64 4.90085 1.01528
18.65 4.91051 0.966273
18.66 4.91968 0.917168
18.67 4.92836 0.867971
18.68 4.93655 0.818687
18.69 4.94424 0.769322
18.7 4.95144 0.719879
18.71 4.95815 0.670365
18.72 4.96436 0.620783
18.73 4.97007 0.57114
18.74 4.97528 0.521439
18.75 4.98 0.471686
18.76 4.98422 0.421886
18.77 4.98794 0.372044
18.78 4.99116 0.322165
18.79 4.99388 0.272253
18.8 4.9961 0.222315
18.81 4.99783 0.172353
18.82 4.99905 0.122375
18.83 4.99978 0.0723847
18.84 5 0.0223869
18.85 4.99972 -0.0276131
18.86 4.99895 -0.0776103
18.87 4.99767 -0.1276
18.88 4.9959 -0.177576
18.89 4.99362 -0.227535
18.9 4.99085 -0.277472
18.91 4.98757 -0.32738
18.92 4.9838 -0.377256
18.93 4.97953 -0.427094
18.94 4.97476 -0.476889
18.95 4.96949 -0.526637
18.96 4.96373 -0.576332
18.97 4.95747 -0.625969
18.98 4.95071 -0.675544
18.99 4.94346 -0.725051
19 4.93572 -0.774485
19.01 4.92748 -0.823843
19.02 4.91875 -0.873117
19.03 4.90953 -0.922305
19.04 4.89981 -0.9714
19.05 4.88961 -1.0204
19.06 4.87892 -1.06929
19.07 4.86773 -1.11808
19.08 4.85607 -1.16676
19.09 4.84391 -1.21532
19.1 4.83128 -1.26376
19.11 4.81816 -1.31207
19.12 4.80455 -1.36025
19.13 4.79047 -1.4083
19.14 4.77591 -1.45621
19.15 4.76087 -1.50396
19.16 4.74535 -1.55157
19.17 4.72936 -1.59903
19.18 4.7129 -1.64632
19.19 4.69596 -1.69345
19.2 4.67856 -1.74041
19.21 4.66069 -1.78719
19.22 4.64235 -1.8338
19.23 4.62355 -1.88022
19.24 4.60428 -1.92646
19.25 4.58456 -1.9725
19.26 4.56437 -2.01835
19.27 4.54374 -2.06399
19.28 4.52264 -2.10943
19.29 4.50109 -2.15466
19.3 4.4791 -2.19967
19.31 4.45665 -2.24446
19.32 4.43376 -2.28902
19.33 4.41043 -2.33336
19.34 4.38665 -2.37747
19.35 4.36244 -2.42133
19.36 4.33779 -2.46496
19.37 4.31271 -2.50834
19.38 4.28719 -2.55146
19.39 4.26125 -2.59433
19.4 4.23488 -2.63695
19.41 4.20809 -2.6793
19.42 4.18087 -2.72138
19.43 4.15324 -2.76319
19.44 4.12519 -2.80472
19.45 4.09674 -2.84597
19.46 4.06787 -2.88694
19.47 4.03859 -2.92762
19.48 4.00891 -2.968
19.49 3.97883 -3.00809
19.5 3.94835 -3.04788
19.51 3.91748 -3.08736
19.52 3.88621 -3.12654
19.53 3.85456 -3.1654
19.54 3.82252 -3.20394
19.55 3.7901 -3.24217
19.56 3.7573 -3.28007
19.57 3.72412 -3.31764
19.58 3.69057 -3.35489
19.59 3.65665 -3.39179
19.6 3.62237 -3.42836
19.61 3.58772 -3.46458
19.62 3.55272 -3.50046
19.63 3.51736 -3.53599
19.64 3.48165 -3.57116
19.65 3.44559 -3.60598
19.66 3.40918 -3.64043
19.67 3.37244 -3.67452
19.68 3.33535 -3.70825
19.69 3.29794 -3.7416
19.7 3.26019 -3.77458
19.71 3.22212 -3.80718
19.72 3.18373 -3.8394
19.73 3.14501 -3.87124
19.74 3.10599 -3.90269
19.75 3.06665 -3.93375
19.76 3.02701 -3.96442
19.77 2.98706 -3.99469
19.78 2.94681 -4.02456
19.79 2.90627 -4.05403
19.8 2.86544 -4.08309
19.81 2.82433 -4.11174
19.82 2.78293 -4.13999
19.83 2.74125 -4.16782
19.84 2.69929 -4.19523
19.85 2.65707 -4.22222
19.86 2.61458 -4.24879
19.87 2.57184 -4.27494
19.88 2.52883 -4.30066
19.89 2.48557 -4.32594
19.9 2.44206 -4.3508
19.91 2.39831 -4.37522
19.92 2.35432 -4.3992
19.93 2.31009 -4.42275
19.94 2.26563 -4.44585
19.95 2.22095 -4.4685
19.96 2.17604 -4.49071
19.97 2.13091 -4.51247
19.98 2.08558 -4.53378
19.99 2.04003 -4.55464
20 1.99428 -4.57504
20.01 1.94833 -4.59498
20.02 1.90219 -4.61447
20.03 1.85585 -4.63349
20.04 1.80933 -4.65205
20.05 1.76263 -4.67014
20.06 1.71575 -4.68777
20.07 1.6687 -4.70492
20.08 1.62149 -4.72161
20.09 1.57411 -4.73782
20.1 1.52657 -4.75357
20.11 1.47888 -4.76883
20.12 1.43105 -4.78362
20.13 1.38307 -4.79793
20.14 1.33495 -4.81176
20.15 1.2867 -4.82511
20.16 1.23832 -4.83798
20.17 1.18982 -4.85036
20.18 1.14119 -4.86226
20.19 1.09246 -4.87367
20.2 1.04361 -4.8846
20.21 0.99466 -4.89503
20.22 0.94561 -4.90498
20.23 0.896466 -4.91443
20.24 0.847232 -4.9234
20.25 0.797913 -4.93187
20.26 0.748515 -4.93985
20.27 0.699041 -4.94734
20.28 0.649498 -4.95433
20.29 0.59989 -4.96082
20.3 0.550222 -4.96682
20.31 0.500498 -4.97232
20.32 0.450725 -4.97733
20.33 0.400907 -4.98183
20.34 0.351048 -4.98584
20.35 0.301155 -4.98935
20.36 0.251231 -4.99237
20.37 0.201282 -4.99488
20.38 0.151313 -4.99689
20.39 0.101329 -4.9984
20.4 0.0513351 -4.99942
20.41 0.00133582 -4.99993
20.42 -0.0486636 -4.99994
20.43 -0.0986582 -4.99946
20.44 -0.148643 -4.99847
20.45 -0.198613 -4.99698
20.46 -0.248563 -4.995
20.47 -0.298488 -4.99251
20.48 -0.348383 -4.98953
20.49 -0.398244 -4.98604
20.5 -0.448064 -4.98206
20.51 -0.49784 -4.97758
20.52 -0.547566 -4.9726
20.53 -0.597237 -4.96713
20.54 -0.646849 -4.96115
20.55 -0.696396 -4.95469
20.56 -0.745873 -4.94772
20.57 -0.795276 -4.94026
20.58 -0.844599 -4.93231
20.59 -0.893837 -4.92386
20.6 -0.942987 -4.91493
20.61 -0.992042 -4.9055
20.62 -1.041 -4.89558
20.63 -1.08985 -4.88517
20.64 -1.13859 -4.87427
20.65 -1.18722 -4.86288
20.66 -1.23573 -4.85101
20.67 -1.28412 -4.83865
20.68 -1.33238 -4.82581
20.69 -1.3805 -4.81249
20.7 -1.42849 -4.79868
20.71 -1.47633 -4.7844
20.72 -1.52403 -4.76963
20.73 -1.57157 -4.75439
20.74 -1.61896 -4.73868
20.75 -1.66618 -4.72249
20.76 -1.71324 -4.70583
20.77 -1.76013 -4.68869
20.78 -1.80684 -4.67109
20.79 -1.85337 -4.65302
20.8 -1.89971 -4.63449
20.81 -1.94587 -4.61549
20.82 -1.99183 -4.59603
20.83 -2.03759 -4.57612
20.84 -2.08315 -4.55574
20.85 -2.1285 -4.53491
20.86 -2.17363 -4.51362
20.87 -2.21855 -4.49189
20.88 -2.26325 -4.4697
20.89 -2.30772 -4.44707
20.9 -2.35196 -4.42399
20.91 -2.39596 -4.40047
20.92 -2.43973 -4.37651
20.93 -2.48325 -4.35212
20.94 -2.52652 -4.32728
20.95 -2.56954 -4.30202
20.96 -2.61231 -4.27632
20.97 -2.65481 -4.2502
20.98 -2.69705 -4.22365
20.99 -2.73901 -4.19668
21 -2.78071 -4.16929
21.01 -2.82212 -4.14148
21.02 -2.86325 -4.11326
21.03 -2.9041 -4.08463
21.04 -2.94465 -4.05559
21.05 -2.98492 -4.02614
21.06 -3.02488 -3.99629
21.07 -3.06454 -3.96604
21.08 -3.10389 -3.9354
21.09 -3.14294 -3.90436
21.1 -3.18167 -3.87293
21.11 -3.22008 -3.84111
21.12 -3.25817 -3.80891
21.13 -3.29593 -3.77633
21.14 -3.33336 -3.74337
21.15 -3.37046 -3.71004
21.16 -3.40723 -3.67633
21.17 -3.44365 -3.64226
21.18 -3.47973 -3.60783
21.19 -3.51546 -3.57303
21.2 -3.55084 -3.53787
21.21 -3.58586 -3.50237
21.22 -3.62053 -3.46651
21.23 -3.65483 -3.4303
21.24 -3.68877 -3.39375
21.25 -3.72234 -3.35687
21.26 -3.75553 -3.31964
21.27 -3.78835 -3.28209
21.28 -3.82079 -3.2442
21.29 -3.85285 -3.206
21.3 -3.88453 -3.16747
21.31 -3.91582 -3.12862
21.32 -3.94671 -3.08946
21.33 -3.97721 -3.05
21.34 -4.00731 -3.01022
21.35 -4.03701 -2.97015
21.36 -4.06631 -2.92978
21.37 -4.0952 -2.88912
21.38 -4.12368 -2.84817
21.39 -4.15175 -2.80693
21.4 -4.17941 -2.76541
21.41 -4.20664 -2.72362
21.42 -4.23346 -2.68155
21.43 -4.25985 -2.63922
21.44 -4.28582 -2.59662
21.45 -4.31136 -2.55376
21.46 -4.33646 -2.51065
21.47 -4.36114 -2.46728
21.48 -4.38537 -2.42367
21.49 -4.40917 -2.37982
21.5 -4.43253 -2.33572
21.51 -4.45544 -2.2914
21.52 -4.47791 -2.24685
21.53 -4.49993 -2.20207
21.54 -4.5215 -2.15707
21.55 -4.54262 -2.11185
21.56 -4.56328 -2.06643
21.57 -4.58349 -2.02079
21.58 -4.60324 -1.97496
21.59 -4.62253 -1.92893
21.6 -4.64136 -1.8827
21.61 -4.65972 -1.83629
21.62 -4.67762 -1.78969
21.63 -4.69505 -1.74291
21.64 -4.71201 -1.69596
21.65 -4.72849 -1.64884
21.66 -4.74451 -1.60156
21.67 -4.76005 -1.55411
21.68 -4.77512 -1.50651
21.69 -4.7897 -1.45876
21.7 -4.80381 -1.41086
21.71 -4.81744 -1.36283
21.72 -4.83059 -1.31465
21.73 -4.84325 -1.26635
21.74 -4.85543 -1.21791
21.75 -4.86712 -1.16936
21.76 -4.87833 -1.12069
21.77 -4.88905 -1.0719
21.78 -4.89928 -1.02301
21.79 -4.90902 -0.974021
21.8 -4.91827 -0.924931
21.81 -4.92703 -0.875748
21.82 -4.93529 -0.826478
21.83 -4.94306 -0.777125
21.84 -4.95034 -0.727694
21.85 -4.95712 -0.678191
21.86 -4.96341 -0.628619
21.87 -4.9692 -0.578985
21.88 -4.97449 -0.529293
21.89 -4.97929 -0.479548
21.9 -4.98358 -0.429756
21.91 -4.98738 -0.37992
21.92 -4.99068 -0.330046
21.93 -4.99348 -0.280139
21.94 -4.99579 -0.230204
21.95 -4.99759 -0.180246
21.96 -4.99889 -0.130271
21.97 -4.99969 -0.0802816
21.98 -5 -0.0302847
21.99 -4.9998 0.0197153
22 -4.9991 0.0697133
22.01 -4.99791 0.119704
22.02 -4.99621 0.169683
22.03 -4.99401 0.219645
22.04 -4.99132 0.269586
22.05 -4.98812 0.319499
22.06 -4.98443 0.36938
22.07 -4.98024 0.419224
22.08 -4.97555 0.469027
22.09 -4.97036 0.518782
22.1 -4.96467 0.568486
22.11 -4.95849 0.618132
22.12 -4.95181 0.667717
22.13 -4.94464 0.717235
22.14 -4.93698 0.766682
22.15 -4.92881 0.816052
22.16 -4.92016 0.86534
22.17 -4.91102 0.914541
22.18 -4.90138 0.963652
22.19 -4.89125 1.01267
22.2 -4.88064 1.06158
22.21 -4.86953 1.11038
22.22 -4.85794 1.15908
22.23 -4.84587 1.20766
22.24 -4.8333 1.25612
22.25 -4.82026 1.30445
22.26 -4.80673 1.35265
22.27 -4.79273 1.40072
22.28 -4.77824 1.44865
22.29 -4.76328 1.49643
22.3 -4.74783 1.54406
22.31 -4.73192 1.59154
22.32 -4.71553 1.63886
22.33 -4.69867 1.68602
22.34 -4.68134 1.733
22.35 -4.66354 1.77982
22.36 -4.64528 1.82645
22.37 -4.62655 1.8729
22.38 -4.60736 1.91917
22.39 -4.5877 1.96524
22.4 -4.56759 2.01112
22.41 -4.54703 2.0568
22.42 -4.526 2.10227
22.43 -4.50453 2.14753
22.44 -4.4826 2.19257
22.45 -4.46023 2.2374
22.46 -4.43741 2.282
22.47 -4.41414 2.32637
22.48 -4.39044 2.37052
22.49 -4.36629 2.41442
22.5 -4.34171 2.45808
22.51 -4.3167 2.5015
22.52 -4.29125 2.54467
22.53 -4.26538 2.58758
22.54 -4.23907 2.63023
22.55 -4.21235 2.67262
22.56 -4.1852 2.71475
22.57 -4.15763 2.7566
22.58 -4.12965 2.79818
22.59 -4.10126 2.83947
22.6 -4.07245 2.88049
22.61 -4.04324 2.92121
22.62 -4.01362 2.96164
22.63 -3.98361 3.00178
22.64 -3.95319 3.04161
22.65 -3.92238 3.08115
22.66 -3.89118 3.12037
22.67 -3.85958 3.15928
22.68 -3.8276 3.19788
22.69 -3.79524 3.23615
22.7 -3.7625 3.27411
22.71 -3.72938 3.31173
22.72 -3.69589 3.34902
22.73 -3.66203 3.38598
22.74 -3.62781 3.4226
22.75 -3.59322 3.45888
22.76 -3.55827 3.49481
22.77 -3.52297 3.5304
22.78 -3.48731 3.56563
22.79 -3.45131 3.6005
22.8 -3.41496 3.63501
22.81 -3.37826 3.66916
22.82 -3.34123 3.70295
22.83 -3.30387 3.73636
22.84 -3.26618 3.7694
22.85 -3.22816 3.80206
22.86 -3.18981 3.83434
22.87 -3.15115 3.86624
22.88 -3.11217 3.89775
22.89 -3.07288 3.92887
22.9 -3.03329 3.9596
22.91 -2.99339 3.98993
22.92 -2.95319 4.01987
22.93 -2.9127 4.0494
22.94 -2.87191 4.07853
22.95 -2.83084 4.10724
22.96 -2.78948 4.13555
22.97 -2.74785 4.16345
22.98 -2.70594 4.19093
22.99 -2.66376 4.21799
23 -2.62131 4.24462
23.01 -2.57861 4.27084
23.02 -2.53564 4.29662
23.03 -2.49242 4.32198
23.04 -2.44895 4.3469
23.05 -2.40524 4.37139
23.06 -2.36128 4.39544
23.07 -2.31709 4.41906
23.08 -2.27267 4.44223
23.09 -2.22802 4.46496
23.1 -2.18315 4.48724
23.11 -2.13806 4.50907
23.12 -2.09275 4.53045
23.13 -2.04724 4.55137
23.14 -2.00152 4.57185
23.15 -1.9556 4.59186
23.16 -1.90949 4.61142
23.17 -1.86318 4.63051
23.18 -1.81669 4.64915
23.19 -1.77002 4.66731
23.2 -1.72317 4.68501
23.21 -1.67614 4.70224
23.22 -1.62895 4.71901
23.23 -1.5816 4.73529
23.24 -1.53409 4.75111
23.25 -1.48643 4.76645
23.26 -1.43861 4.78132
23.27 -1.39066 4.7957
23.28 -1.34256 4.80961
23.29 -1.29433 4.82303
23.3 -1.24597 4.83598
23.31 -1.19748 4.84844
23.32 -1.14888 4.86041
23.33 -1.10016 4.8719
23.34 -1.05133 4.8829
23.35 -1.0024 4.89342
23.36 -0.953364 4.90344
23.37 -0.904235 4.91297
23.38 -0.855014 4.92202
23.39 -0.805709 4.93057
23.4 -0.756322 4.93862
23.41 -0.706861 4.94619
23.42 -0.657328 4.95326
23.43 -0.60773 4.95983
23.44 -0.558071 4.96591
23.45 -0.508356 4.97149
23.46 -0.45859 4.97657
23.47 -0.408779 4.98116
23.48 -0.358926 4.98524
23.49 -0.309038 4.98883
23.5 -0.259119 4.99192
23.51 -0.209173 4.99451
23.52 -0.159207 4.99661
23.53 -0.109225 4.9982
23.54 -0.0592325 4.99929
23.55 -0.00923367 4.99988
23.56 0.0407661 4.99998
23.57 0.0907618 4.99957
23.58 0.140748 4.99866
23.59 0.190721 4.99725
23.6 0.240674 4.99535
23.61 0.290604 4.99294
23.62 0.340504 4.99003
23.63 0.39037 4.98663
23.64 0.440198 4.98272
23.65 0.489981 4.97832
23.66 0.539715 4.97342
23.67 0.589395 4.96802
23.68 0.639017 4.96213
23.69 0.688574 4.95574
23.7 0.738062 4.94885
23.71 0.787477 4.94147
23.72 0.836813 4.9336
23.73 0.886066 4.92523
23.74 0.935229 4.91637
23.75 0.984299 4.90702
23.76 1.03327 4.89718
23.77 1.08214 4.88684
23.78 1.1309 4.87602
23.79 1.17955 4.86471
23.8 1.22808 4.85292
23.81 1.27648 4.84064
23.82 1.32476 4.82787
23.83 1.37291 4.81462
23.84 1.42092 4.80089
23.85 1.46878 4.78669
23.86 1.5165 4.772
23.87 1.56407 4.75683
23.88 1.61148 4.74119
23.89 1.65873 4.72508
23.9 1.70582 4.70849
23.91 1.75273 4.69143
23.92 1.79947 4.6739
23.93 1.84603 4.65591
23.94 1.89241 4.63745
23.95 1.93859 4.61852
23.96 1.98458 4.59914
23.97 2.03038 4.57929
23.98 2.07597 4.55899
23.99 2.12135 4.53823
24 2.16652 4.51702
24.01 2.21147 4.49535
24.02 2.2562 4.47324
24.03 2.30071 4.45067
24.04 2.34499 4.42767
24.05 2.38903 4.40422
24.06 2.43283 4.38033
24.07 2.47639 4.356
24.08 2.51971 4.33123
24.09 2.56277 4.30604
24.1 2.60557 4.28041
24.11 2.64811 4.25435
24.12 2.69039 4.22787
24.13 2.7324 4.20097
24.14 2.77414 4.17365
24.15 2.8156 4.1459
24.16 2.85677 4.11775
24.17 2.89767 4.08918
24.18 2.93827 4.0602
24.19 2.97858 4.03082
24.2 3.01859 4.00104
24.21 3.0583 3.97085
24.22 3.0977 3.94027
24.23 3.13679 3.90929
24.24 3.17557 3.87792
24.25 3.21403 3.84617
24.26 3.25217 3.81403
24.27 3.28999 3.7815
24.28 3.32747 3.7486
24.29 3.36463 3.71533
24.3 3.40144 3.68168
24.31 3.43792 3.64767
24.32 3.47405 3.61329
24.33 3.50984 3.57855
24.34 3.54527 3.54345
24.35 3.58035 3.508
24.36 3.61507 3.47219
24.37 3.64944 3.43604
24.38 3.68343 3.39955
24.39 3.71706 3.36271
24.4 3.75031 3.32554
24.41 3.78319 3.28804
24.42 3.8157 3.25021
24.43 3.84782 3.21205
24.44 3.87955 3.17357
24.45 3.9109 3.13478
24.46 3.94186 3.09567
24.47 3.97242 3.05625
24.48 4.00258 3.01653
24.49 4.03235 2.9765
24.5 4.06171 2.93618
24.51 4.09067 2.89556
24.52 4.11921 2.85465
24.53 4.14735 2.81346
24.54 4.17507 2.77199
24.55 4.20237 2.73024
24.56 4.22925 2.68821
24.57 4.25571 2.64592
24.58 4.28175 2.60336
24.59 4.30735 2.56055
24.6 4.33253 2.51747
24.61 4.35727 2.47415
24.62 4.38157 2.43058
24.63 4.40544 2.38676
24.64 4.42887 2.3427
24.65 4.45185 2.29842
24.66 4.47439 2.2539
24.67 4.49648 2.20915
24.68 4.51812 2.16419
24.69 4.53931 2.11901
24.7 4.56005 2.07361
24.71 4.58033 2.02801
24.72 4.60015 1.98221
24.73 4.61951 1.93621
24.74 4.63841 1.89001
24.75 4.65685 1.84363
24.76 4.67482 1.79706
24.77 4.69232 1.75031
24.78 4.70936 1.70339
24.79 4.72592 1.6563
24.8 4.74201 1.60904
24.81 4.75763 1.56162
24.82 4.77277 1.51404
24.83 4.78743 1.46631
24.84 4.80162 1.41844
24.85 4.81532 1.37042
24.86 4.82854 1.32227
24.87 4.84128 1.27398
24.88 4.85354 1.22557
24.89 4.86531 1.17704
24.9 4.87659 1.12838
24.91 4.88739 1.07962
24.92 4.8977 1.03074
24.93 4.90751 0.981766
24.94 4.91684 0.932691
24.95 4.92568 0.883522
24.96 4.93402 0.834266
24.97 4.94187 0.784926
24.98 4.94922 0.735507
24.99 4.95608 0.686015
25 4.96245 0.636454
25.01 4.96832 0.586829
25.02 4.97369 0.537146
25.03 4.97856 0.487409
25.04 4.98294 0.437624
25.05 4.98682 0.387794
25.06 4.99019 0.337926
25.07 4.99308 0.288024
25.08 4.99546 0.238093
25.09 4.99734 0.188139
25.1 4.99872 0.138166
25.11 4.9996 0.0881783
25.12 4.99998 0.0381823
25.13 4.99986 -0.0118175
25.14 4.99925 -0.0618161
25.15 4.99813 -0.111809
25.16 4.99651 -0.16179
25.17 4.99439 -0.211755
25.18 4.99178 -0.261699
25.19 4.98866 -0.311617
25.2 4.98504 -0.361503
25.21 4.98093 -0.411354
25.22 4.97632 -0.461163
25.23 4.97121 -0.510926
25.24 4.9656 -0.560638
25.25 4.9595 -0.610294
25.26 4.9529 -0.659889
25.27 4.94581 -0.709418
25.28 4.93822 -0.758876
25.29 4.93014 -0.808259
25.3 4.92156 -0.85756
25.31 4.91249 -0.906776
25.32 4.90293 -0.955901
25.33 4.89288 -1.00493
25.34 4.88235 -1.05386
25.35 4.87132 -1.10268
25.36 4.85981 -1.1514
25.37 4.84781 -1.19999
25.38 4.83532 -1.24847
25.39 4.82235 -1.29682
25.4 4.8089 -1.34505
25.41 4.79497 -1.39314
25.42 4.78056 -1.44109
25.43 4.76567 -1.48889
25.44 4.75031 -1.53655
25.45 4.73446 -1.58405
25.46 4.71815 -1.6314
25.47 4.70137 -1.67858
25.48 4.68411 -1.72559
25.49 4.66638 -1.77243
25.5 4.64819 -1.8191
25.51 4.62954 -1.86558
25.52 4.61042 -1.91187
25.53 4.59084 -1.95798
25.54 4.5708 -2.00389
25.55 4.5503 -2.04959
25.56 4.52935 -2.0951
25.57 4.50795 -2.14039
25.58 4.4861 -2.18547
25.59 4.46379 -2.23033
25.6 4.44104 -2.27497
25.61 4.41785 -2.31938
25.62 4.39421 -2.36356
25.63 4.37014 -2.4075
25.64 4.34563 -2.4512
25.65 4.32068 -2.49466
25.66 4.2953 -2.53787
25.67 4.26949 -2.58082
25.68 4.24326 -2.62351
25.69 4.2166 -2.66595
25.7 4.18952 -2.70811
25.71 4.16202 -2.75001
25.72 4.1341 -2.79163
25.73 4.10577 -2.83297
25.74 4.07703 -2.87403
25.75 4.04788 -2.9148
25.76 4.01833 -2.95528
25.77 3.98837 -2.99546
25.78 3.95802 -3.03534
25.79 3.92727 -3.07492
25.8 3.89613 -3.11419
25.81 3.8646 -3.15316
25.82 3.83268 -3.1918
25.83 3.80038 -3.23013
25.84 3.7677 -3.26813
25.85 3.73464 -3.30581
25.86 3.70121 -3.34316
25.87 3.66741 -3.38017
25.88 3.63324 -3.41684
25.89 3.59871 -3.45317
25.9 3.56381 -3.48916
25.91 3.52857 -3.5248
25.92 3.49297 -3.56009
25.93 3.45702 -3.59502
25.94 3.42072 -3.62959
25.95 3.38408 -3.66379
25.96 3.34711 -3.69763
25.97 3.30979 -3.7311
25.98 3.27215 -3.7642
25.99 3.23418 -3.79692
26 3.19589 -3.82927
26.01 3.15728 -3.86122
26.02 3.11835 -3.8928
26.03 3.07911 -3.92398
26.04 3.03956 -3.95477
26.05 2.99971 -3.98517
26.06 2.95956 -4.01516
26.07 2.91911 -4.04476
26.08 2.87837 -4.07395
26.09 2.83735 -4.10274
26.1 2.79603 -4.13111
26.11 2.75444 -4.15907
26.12 2.71258 -4.18661
26.13 2.67044 -4.21374
26.14 2.62804 -4.24044
26.15 2.58537 -4.26672
26.16 2.54244 -4.29258
26.17 2.49926 -4.318
26.18 2.45583 -4.34299
26.19 2.41216 -4.36755
26.2 2.36824 -4.39167
26.21 2.32409 -4.41536
26.22 2.2797 -4.4386
26.23 2.23509 -4.4614
26.24 2.19025 -4.48375
26.25 2.14519 -4.50565
26.26 2.09992 -4.5271
26.27 2.05444 -4.5481
26.28 2.00875 -4.56864
26.29 1.96287 -4.58873
26.3 1.91678 -4.60836
26.31 1.87051 -4.62753
26.32 1.82405 -4.64623
26.33 1.7774 -4.66447
26.34 1.73058 -4.68225
26.35 1.68358 -4.69955
26.36 1.63642 -4.71639
26.37 1.58909 -4.73275
26.38 1.54161 -4.74864
26.39 1.49396 -4.76406
26.4 1.44617 -4.779
26.41 1.39824 -4.79346
26.42 1.35017 -4.80744
26.43 1.30196 -4.82095
26.44 1.25362 -4.83397
26.45 1.20515 -4.8465
26.46 1.15657 -4.85855
26.47 1.10786 -4.87012
26.48 1.05905 -4.8812
26.49 1.01013 -4.89179
26.5 0.961116 -4.90189
26.51 0.912001 -4.9115
26.52 0.862795 -4.92062
26.53 0.813502 -4.92925
26.54 0.764128 -4.93738
26.55 0.714678 -4.94502
26.56 0.665157 -4.95217
26.57 0.615568 -4.95882
26.58 0.565919 -4.96498
26.59 0.516212 -4.97064
26.6 0.466454 -4.9758
26.61 0.416649 -4.98046
26.62 0.366803 -4.98463
26.63 0.31692 -4.9883
26.64 0.267005 -4.99147
26.65 0.217064 -4.99414
26.66 0.167101 -4.99631
26.67 0.117121 -4.99798
26.68 0.0671297 -4.99915
26.69 0.0171315 -4.99982
26.7 -0.0328685 -4.99999
26.71 -0.0828651 -4.99967
26.72 -0.132853 -4.99884
26.73 -0.182829 -4.99751
26.74 -0.232785 -4.99568
26.75 -0.282719 -4.99335
26.76 -0.332624 -4.99052
26.77 -0.382496 -4.9872
26.78 -0.43233 -4.98337
26.79 -0.48212 -4.97905
26.8 -0.531863 -4.97423
26.81 -0.581552 -4.96891
26.82 -0.631183 -4.96309
26.83 -0.68075 -4.95678
26.84 -0.73025 -4.94998
26.85 -0.779677 -4.94267
26.86 -0.829026 -4.93488
26.87 -0.878292 -4.92659
26.88 -0.92747 -4.9178
26.89 -0.976555 -4.90853
26.9 -1.02554 -4.89876
26.91 -1.07443 -4.88851
26.92 -1.12321 -4.87776
26.93 -1.17187 -4.86653
26.94 -1.22042 -4.85481
26.95 -1.26884 -4.84261
26.96 -1.31714 -4.82992
26.97 -1.36531 -4.81675
26.98 -1.41334 -4.8031
26.99 -1.46123 -4.78896
27 -1.50898 -4.77435
27.01 -1.55657 -4.75926
27.02 -1.60401 -4.74369
27.03 -1.65128 -4.72765
27.04 -1.69839 -4.71114
27.05 -1.74533 -4.69416
27.06 -1.7921 -4.6767
27.07 -1.83869 -4.65878
27.08 -1.88509 -4.6404
27.09 -1.93131 -4.62154
27.1 -1.97733 -4.60223
27.11 -2.02316 -4.58246
27.12 -2.06878 -4.56223
27.13 -2.11419 -4.54154
27.14 -2.1594 -4.5204
27.15 -2.20439 -4.4988
27.16 -2.24915 -4.47676
27.17 -2.2937 -4.45427
27.18 -2.33801 -4.43133
27.19 -2.38209 -4.40795
27.2 -2.42593 -4.38413
27.21 -2.46953 -4.35987
27.22 -2.51288 -4.33518
27.23 -2.55598 -4.31005
27.24 -2.59883 -4.28449
27.25 -2.64141 -4.2585
27.26 -2.68373 -4.23208
27.27 -2.72578 -4.20525
27.28 -2.76756 -4.17799
27.29 -2.80907 -4.15031
27.3 -2.85029 -4.12222
27.31 -2.89123 -4.09372
27.32 -2.93187 -4.06481
27.33 -2.97223 -4.03549
27.34 -3.01229 -4.00577
27.35 -3.05204 -3.97564
27.36 -3.09149 -3.94512
27.37 -3.13064 -3.91421
27.38 -3.16947 -3.8829
27.39 -3.20798 -3.85121
27.4 -3.24617 -3.81913
27.41 -3.28404 -3.78667
27.42 -3.32157 -3.75383
27.43 -3.35878 -3.72061
27.44 -3.39565 -3.68702
27.45 -3.43218 -3.65307
27.46 -3.46837 -3.61874
27.47 -3.50421 -3.58406
27.48 -3.5397 -3.54902
27.49 -3.57484 -3.51362
27.5 -3.60961 -3.47787
27.51 -3.64403 -3.44178
27.52 -3.67809 -3.40534
27.53 -3.71177 -3.36856
27.54 -3.74509 -3.33144
27.55 -3.77803 -3.29399
27.56 -3.81059 -3.25621
27.57 -3.84277 -3.2181
27.58 -3.87456 -3.17967
27.59 -3.90597 -3.14093
27.6 -3.93699 -3.10187
27.61 -3.96762 -3.0625
27.62 -3.99785 -3.02282
27.63 -4.02767 -2.98284
27.64 -4.0571 -2.94257
27.65 -4.08612 -2.902
27.66 -4.11473 -2.86113
27.67 -4.14293 -2.81999
27.68 -4.17072 -2.77856
27.69 -4.19809 -2.73685
27.7 -4.22503 -2.69487
27.71 -4.25156 -2.65262
27.72 -4.27766 -2.6101
27.73 -4.30333 -2.56733
27.74 -4.32858 -2.52429
27.75 -4.35339 -2.48101
27.76 -4.37776 -2.43747
27.77 -4.4017 -2.3937
27.78 -4.4252 -2.34968
27.79 -4.44825 -2.30543
27.8 -4.47086 -2.26094
27.81 -4.49302 -2.21624
27.82 -4.51474 -2.17131
27.83 -4.536 -2.12616
27.84 -4.5568 -2.0808
27.85 -4.57716 -2.03523
27.86 -4.59705 -1.98946
27.87 -4.61649 -1.94349
27.88 -4.63546 -1.89732
27.89 -4.65397 -1.85097
27.9 -4.67201 -1.80443
27.91 -4.68959 -1.75771
27.92 -4.7067 -1.71081
27.93 -4.72334 -1.66375
27.94 -4.7395 -1.61651
27.95 -4.75519 -1.56912
27.96 -4.77041 -1.52157
27.97 -4.78515 -1.47386
27.98 -4.79941 -1.42601
27.99 -4.81319 -1.37802
28 -4.82649 -1.32988
28.01 -4.8393 -1.28162
28.02 -4.85163 -1.23323
28.03 -4.86348 -1.18471
28.04 -4.87484 -1.13608
28.05 -4.88572 -1.08733
28.06 -4.8961 -1.03847
28.07 -4.906 -0.989509
28.08 -4.9154 -0.940449
28.09 -4.92431 -0.891295
28.1 -4.93273 -0.842052
28.11 -4.94066 -0.792724
28.12 -4.94809 -0.743318
28.13 -4.95503 -0.693837
28.14 -4.96148 -0.644287
28.15 -4.96742 -0.594672
28.16 -4.97287 -0.544998
28.17 -4.97782 -0.495269
28.18 -4.98228 -0.445491
28.19 -4.98624 -0.395668
28.2 -4.98969 -0.345806
28.21 -4.99265 -0.295909
28.22 -4.99511 -0.245982
28.23 -4.99707 -0.196031
28.24 -4.99853 -0.14606
28.25 -4.99949 -0.0960748
28.26 -4.99996 -0.0460799
28.27 -4.99992 0.00391966
28.28 -4.99938 0.0539188
28.29 -4.99834 0.103913
28.3 -4.9968 0.153896
28.31 -4.99476 0.203864
28.32 -4.99222 0.253812
28.33 -4.98918 0.303734
28.34 -4.98565 0.353626
28.35 -4.98161 0.403482
28.36 -4.97708 0.453298
28.37 -4.97205 0.503069
28.38 -4.96652 0.55279
28.39 -4.9605 0.602455
28.4 -4.95398 0.65206
28.41 -4.94696 0.7016
28.42 -4.93945 0.751069
28.43 -4.93145 0.800464
28.44 -4.92295 0.849778
28.45 -4.91396 0.899008
28.46 -4.90448 0.948147
28.47 -4.8945 0.997192
28.48 -4.88404 1.04614
28.49 -4.87309 1.09498
28.5 -4.86166 1.14371
28.51 -4.84973 1.19232
28.52 -4.83732 1.24082
28.53 -4.82443 1.2892
28.54 -4.81106 1.33744
28.55 -4.7972 1.38555
28.56 -4.78287 1.43352
28.57 -4.76805 1.48135
28.58 -4.75276 1.52903
28.59 -4.737 1.57656
28.6 -4.72076 1.62393
28.61 -4.70405 1.67114
28.62 -4.68687 1.71818
28.63 -4.66922 1.76505
28.64 -4.6511 1.81174
28.65 -4.63252 1.85825
28.66 -4.61347 1.90457
28.67 -4.59396 1.95071
28.68 -4.574 1.99665
28.69 -4.55357 2.04239
28.7 -4.53269 2.08792
28.71 -4.51136 2.13325
28.72 -4.48958 2.17836
28.73 -4.46734 2.22326
28.74 -4.44467 2.26793
28.75 -4.42154 2.31238
28.76 -4.39798 2.3566
28.77 -4.37397 2.40058
28.78 -4.34953 2.44432
28.79 -4.32465 2.48781
28.8 -4.29934 2.53106
28.81 -4.2736 2.57405
28.82 -4.24743 2.61679
28.83 -4.22084 2.65926
28.84 -4.19382 2.70147
28.85 -4.16639 2.74341
28.86 -4.13854 2.78507
28.87 -4.11027 2.82646
28.88 -4.0816 2.86756
28.89 -4.05251 2.90838
28.9 -4.02302 2.9489
28.91 -3.99313 2.98913
28.92 -3.96284 3.02906
28.93 -3.93216 3.06869
28.94 -3.90108 3.10801
28.95 -3.86961 3.14702
28.96 -3.83775 3.18572
28.97 -3.80551 3.2241
28.98 -3.77289 3.26215
28.99 -3.73989 3.29988
29 -3.70651 3.33728
29.01 -3.67277 3.37434
29.02 -3.63866 3.41107
29.03 -3.60419 3.44746
29.04 -3.56935 3.4835
29.05 -3.53416 3.51919
29.06 -3.49861 3.55454
29.07 -3.46272 3.58952
29.08 -3.42648 3.62415
29.09 -3.38989 3.65841
29.1 -3.35297 3.69231
29.11 -3.31571 3.72584
29.12 -3.27812 3.759
29.13 -3.2402 3.79178
29.14 -3.20196 3.82418
29.15 -3.1634 3.8562
29.16 -3.12452 3.88784
29.17 -3.08533 3.91908
29.18 -3.04583 3.94993
29.19 -3.00603 3.98039
29.2 -2.96592 4.01045
29.21 -2.92552 4.04011
29.22 -2.88483 4.06937
29.23 -2.84384 4.09822
29.24 -2.80258 4.12665
29.25 -2.76103 4.15468
29.26 -2.71921 4.18229
29.27 -2.67711 4.20948
29.28 -2.63475 4.23625
29.29 -2.59213 4.2626
29.3 -2.54924 4.28852
29.31 -2.5061 4.31401
29.32 -2.46271 4.33908
29.33 -2.41907 4.3637
29.34 -2.37519 4.38789
29.35 -2.33108 4.41165
29.36 -2.28673 4.43496
29.37 -2.24215 4.45782
29.38 -2.19735 4.48025
29.39 -2.15232 4.50222
29.4 -2.10709 4.52374
29.41 -2.06164 4.54481
29.42 -2.01598 4.56543
29.43 -1.97013 4.58559
29.44 -1.92408 4.60529
29.45 -1.87783 4.62453
29.46 -1.8314 4.64331
29.47 -1.78478 4.66162
29.48 -1.73799 4.67947
29.49 -1.69102 4.69685
29.5 -1.64388 4.71376
29.51 -1.59658 4.7302
29.52 -1.54912 4.74617
29.53 -1.5015 4.76166
29.54 -1.45373 4.77667
29.55 -1.40582 4.79121
29.56 -1.35777 4.80527
29.57 -1.30958 4.81885
29.58 -1.26126 4.83194
29.59 -1.21281 4.84455
29.6 -1.16425 4.85668
29.61 -1.11556 4.86832
29.62 -1.06677 4.87948
29.63 -1.01787 4.89015
29.64 -0.968865 4.90033
29.65 -0.919765 4.91001
29.66 -0.870573 4.91921
29.67 -0.821294 4.92792
29.68 -0.771933 4.93613
29.69 -0.722494 4.94385
29.7 -0.672983 4.95108
29.71 -0.623405 4.95781
29.72 -0.573765 4.96404
29.73 -0.524067 4.96978
29.74 -0.474317 4.97502
29.75 -0.424519 4.97976
29.76 -0.374679 4.98401
29.77 -0.324802 4.98775
29.78 -0.274892 4.991
29.79 -0.224954 4.99375
29.8 -0.174994 4.996
29.81 -0.125017 4.99775
29.82 -0.0750268 4.999
29.83 -0.0250293 4.99975
29.84 0.0249707 5
29.85 0.0749682 4.99975
29.86 0.124958 4.999
29.87 0.174936 4.99775
29.88 0.224896 4.996
29.89 0.274833 4.99375
29.9 0.324743 4.991
29.91 0.374621 4.98776
29.92 0.424461 4.98401
29.93 0.474259 4.97977
29.94 0.524009 4.97502
29.95 0.573707 4.96978
29.96 0.623347 4.96405
29.97 0.672925 4.95781
29.98 0.722436 4.95108
29.99 0.771875 4.94386
