0 4.99975 -0.05
0.01 4.999 -0.099995
0.02 4.99775 -0.14998
0.03 4.996 -0.19995
0.04 4.99375 -0.2499
0.05 4.991 -0.299825
0.06 4.98775 -0.34972
0.07 4.98401 -0.39958
0.08 4.97976 -0.4494
0.09 4.97502 -0.499175
0.1 4.96978 -0.548901
0.11 4.96404 -0.598571
0.12 4.95781 -0.648181
0.13 4.95108 -0.697727
0.14 4.94385 -0.747203
0.15 4.93613 -0.796604
0.16 4.92792 -0.845926
0.17 4.91922 -0.895163
0.18 4.91002 -0.94431
0.19 4.90033 -0.993363
0.2 4.89015 -1.04232
0.21 4.87948 -1.09117
0.22 4.86833 -1.13991
0.23 4.85669 -1.18853
0.24 4.84456 -1.23704
0.25 4.83194 -1.28542
0.26 4.81885 -1.33368
0.27 4.80527 -1.3818
0.28 4.79121 -1.42978
0.29 4.77668 -1.47762
0.3 4.76166 -1.52532
0.31 4.74617 -1.57286
0.32 4.7302 -1.62024
0.33 4.71376 -1.66746
0.34 4.69685 -1.71452
0.35 4.67947 -1.7614
0.36 4.66163 -1.80811
0.37 4.64331 -1.85463
0.38 4.62453 -1.90097
0.39 4.60529 -1.94712
0.4 4.58559 -1.99308
0.41 4.56543 -2.03883
0.42 4.54481 -2.08439
0.43 4.52374 -2.12973
0.44 4.50222 -2.17486
0.45 4.48025 -2.21978
0.46 4.45782 -2.26447
0.47 4.43496 -2.30893
0.48 4.41165 -2.35317
0.49 4.38789 -2.39716
0.5 4.3637 -2.44092
0.51 4.33907 -2.48444
0.52 4.31401 -2.5277
0.53 4.28852 -2.57072
0.54 4.2626 -2.61348
0.55 4.23625 -2.65597
0.56 4.20948 -2.6982
0.57 4.18229 -2.74016
0.58 4.15468 -2.78185
0.59 4.12665 -2.82325
0.6 4.09821 -2.86438
0.61 4.06936 -2.90522
0.62 4.04011 -2.94577
0.63 4.01045 -2.98602
0.64 3.98039 -3.02598
0.65 3.94993 -3.06563
0.66 3.91907 -3.10497
0.67 3.88783 -3.14401
0.68 3.85619 -3.18273
0.69 3.82417 -3.22113
0.7 3.79177 -3.25921
0.71 3.75899 -3.29697
0.72 3.72583 -3.33439
0.73 3.6923 -3.37149
0.74 3.6584 -3.40824
0.75 3.62414 -3.44465
0.76 3.58951 -3.48072
0.77 3.55452 -3.51644
0.78 3.51918 -3.55181
0.79 3.48349 -3.58683
0.8 3.44744 -3.62148
0.81 3.41106 -3.65578
0.82 3.37433 -3.6897
0.83 3.33726 -3.72326
0.84 3.29986 -3.75645
0.85 3.26213 -3.78926
0.86 3.22408 -3.82169
0.87 3.1857 -3.85374
0.88 3.147 -3.88541
0.89 3.10799 -3.91668
0.9 3.06867 -3.94757
0.91 3.02904 -3.97806
0.92 2.98911 -4.00815
0.93 2.94888 -4.03784
0.94 2.90835 -4.06712
0.95 2.86753 -4.096
0.96 2.82643 -4.12447
0.97 2.78505 -4.15253
0.98 2.74338 -4.18018
0.99 2.70144 -4.2074
1 2.65923 -4.2342
1.01 2.61676 -4.26059
1.02 2.57402 -4.28654
1.03 2.53103 -4.31207
1.04 2.48778 -4.33716
1.05 2.44428 -4.36182
1.06 2.40054 -4.38605
1.07 2.35656 -4.40983
1.08 2.31235 -4.43318
1.09 2.2679 -4.45608
1.1 2.22323 -4.47854
1.11 2.17833 -4.50054
1.12 2.13321 -4.5221
1.13 2.08789 -4.54321
1.14 2.04235 -4.56386
1.15 1.99661 -4.58405
1.16 1.95067 -4.60379
1.17 1.90453 -4.62307
1.18 1.85821 -4.64188
1.19 1.8117 -4.66023
1.2 1.765 -4.67812
1.21 1.71813 -4.69553
1.22 1.67109 -4.71248
1.23 1.62388 -4.72895
1.24 1.57651 -4.74496
1.25 1.52898 -4.76048
1.26 1.4813 -4.77554
1.27 1.43347 -4.79011
1.28 1.3855 -4.80421
1.29 1.33739 -4.81782
1.3 1.28914 -4.83095
1.31 1.24077 -4.8436
1.32 1.19227 -4.85577
1.33 1.14366 -4.86745
1.34 1.09492 -4.87864
1.35 1.04608 -4.88935
1.36 0.997137 -4.89956
1.37 0.948091 -4.90929
1.38 0.898951 -4.91853
1.39 0.849721 -4.92727
1.4 0.800406 -4.93552
1.41 0.75101 -4.94328
1.42 0.70154 -4.95054
1.43 0.652 -4.95731
1.44 0.602394 -4.96358
1.45 0.552728 -4.96936
1.46 0.503007 -4.97463
1.47 0.453235 -4.97942
1.48 0.403419 -4.9837
1.49 0.353561 -4.98748
1.5 0.303669 -4.99077
1.51 0.253746 -4.99356
1.52 0.203798 -4.99585
1.53 0.153829 -4.99763
1.54 0.103845 -4.99892
1.55 0.0538506 -4.99971
1.56 0.0038508 -5
1.57 -0.0461494 -4.99979
1.58 -0.096145 -4.99908
1.59 -0.146131 -4.99787
1.6 -0.196102 -4.99615
1.61 -0.246054 -4.99394
1.62 -0.295981 -4.99123
1.63 -0.345879 -4.98802
1.64 -0.395742 -4.98432
1.65 -0.445565 -4.98011
1.66 -0.495344 -4.9754
1.67 -0.545073 -4.9702
1.68 -0.594748 -4.9645
1.69 -0.644363 -4.95831
1.7 -0.693914 -4.95162
1.71 -0.743395 -4.94443
1.72 -0.792803 -4.93675
1.73 -0.84213 -4.92857
1.74 -0.891374 -4.9199
1.75 -0.940528 -4.91075
1.76 -0.989589 -4.90109
1.77 -1.03855 -4.89095
1.78 -1.08741 -4.88032
1.79 -1.13616 -4.86921
1.8 -1.18479 -4.8576
1.81 -1.23331 -4.84551
1.82 -1.2817 -4.83293
1.83 -1.32997 -4.81988
1.84 -1.3781 -4.80633
1.85 -1.42609 -4.79231
1.86 -1.47395 -4.77781
1.87 -1.52165 -4.76283
1.88 -1.5692 -4.74738
1.89 -1.6166 -4.73145
1.9 -1.66383 -4.71505
1.91 -1.7109 -4.69817
1.92 -1.7578 -4.68083
1.93 -1.80452 -4.66302
1.94 -1.85106 -4.64474
1.95 -1.89741 -4.626
1.96 -1.94358 -4.60679
1.97 -1.98955 -4.58713
1.98 -2.03532 -4.567
1.99 -2.08089 -4.54642
2 -2.12625 -4.52538
2.01 -2.17139 -4.50389
2.02 -2.21632 -4.48195
2.03 -2.26103 -4.45957
2.04 -2.30552 -4.43673
2.05 -2.34977 -4.41346
2.06 -2.39378 -4.38974
2.07 -2.43756 -4.36558
2.08 -2.4811 -4.34099
2.09 -2.52438 -4.31596
2.1 -2.56742 -4.2905
2.11 -2.61019 -4.26461
2.12 -2.65271 -4.2383
2.13 -2.69496 -4.21156
2.14 -2.73694 -4.1844
2.15 -2.77865 -4.15682
2.16 -2.82008 -4.12882
2.17 -2.86122 -4.10042
2.18 -2.90208 -4.0716
2.19 -2.94265 -4.04238
2.2 -2.98293 -4.01275
2.21 -3.02291 -3.98272
2.22 -3.06259 -3.95229
2.23 -3.10196 -3.92146
2.24 -3.14101 -3.89025
2.25 -3.17976 -3.85864
2.26 -3.21819 -3.82665
2.27 -3.25629 -3.79428
2.28 -3.29407 -3.76153
2.29 -3.33152 -3.7284
2.3 -3.36864 -3.6949
2.31 -3.40542 -3.66103
2.32 -3.44186 -3.62679
2.33 -3.47796 -3.59219
2.34 -3.51371 -3.55723
2.35 -3.5491 -3.52192
2.36 -3.58414 -3.48625
2.37 -3.61883 -3.45023
2.38 -3.65315 -3.41387
2.39 -3.6871 -3.37717
2.4 -3.72069 -3.34013
2.41 -3.75391 -3.30276
2.42 -3.78675 -3.26505
2.43 -3.81921 -3.22702
2.44 -3.85129 -3.18867
2.45 -3.88298 -3.14999
2.46 -3.91429 -3.11101
2.47 -3.9452 -3.07171
2.48 -3.97572 -3.0321
2.49 -4.00584 -2.99219
2.5 -4.03557 -2.95199
2.51 -4.06488 -2.91148
2.52 -4.0938 -2.87069
2.53 -4.1223 -2.82961
2.54 -4.15039 -2.78824
2.55 -4.17806 -2.7466
2.56 -4.20532 -2.70468
2.57 -4.23216 -2.66249
2.58 -4.25857 -2.62004
2.59 -4.28456 -2.57732
2.6 -4.31012 -2.53435
2.61 -4.33524 -2.49112
2.62 -4.35994 -2.44764
2.63 -4.3842 -2.40392
2.64 -4.40802 -2.35996
2.65 -4.4314 -2.31576
2.66 -4.45433 -2.27133
2.67 -4.47682 -2.22667
2.68 -4.49887 -2.18179
2.69 -4.52046 -2.1367
2.7 -4.5416 -2.09139
2.71 -4.56229 -2.04586
2.72 -4.58252 -2.00014
2.73 -4.60229 -1.95421
2.74 -4.6216 -1.90809
2.75 -4.64045 -1.86178
2.76 -4.65884 -1.81528
2.77 -4.67676 -1.76861
2.78 -4.69421 -1.72175
2.79 -4.71119 -1.67472
2.8 -4.7277 -1.62753
2.81 -4.74374 -1.58017
2.82 -4.75931 -1.53265
2.83 -4.7744 -1.48498
2.84 -4.78901 -1.43716
2.85 -4.80314 -1.3892
2.86 -4.81679 -1.3411
2.87 -4.82996 -1.29287
2.88 -4.84265 -1.2445
2.89 -4.85485 -1.19601
2.9 -4.86657 -1.1474
2.91 -4.8778 -1.09868
2.92 -4.88854 -1.04985
2.93 -4.8988 -1.00091
2.94 -4.90856 -0.951872
2.95 -4.91783 -0.902739
2.96 -4.92661 -0.853516
2.97 -4.9349 -0.804207
2.98 -4.9427 -0.754818
2.99 -4.95 -0.705353
3 -4.95681 -0.655818
3.01 -4.96312 -0.606217
3.02 -4.96893 -0.556555
3.03 -4.97425 -0.506838
3.04 -4.97907 -0.45707
3.05 -4.98339 -0.407257
3.06 -4.98721 -0.357403
3.07 -4.99054 -0.307513
3.08 -4.99336 -0.257592
3.09 -4.99569 -0.207645
3.1 -4.99752 -0.157678
3.11 -4.99884 -0.107695
3.12 -4.99967 -0.0577012
3.13 -5 -0.00770161
3.14 -4.99982 0.0422987
3.15 -4.99915 0.0922949
3.16 -4.99798 0.142282
3.17 -4.9963 0.192254
3.18 -4.99413 0.242208
3.19 -4.99146 0.292137
3.2 -4.98829 0.342037
3.21 -4.98462 0.391903
3.22 -4.98045 0.441729
3.23 -4.97578 0.491512
3.24 -4.97062 0.541245
3.25 -4.96496 0.590924
3.26 -4.9588 0.640544
3.27 -4.95215 0.6901
3.28 -4.945 0.739587
3.29 -4.93736 0.789
3.3 -4.92922 0.838334
3.31 -4.92059 0.887585
3.32 -4.91147 0.936746
3.33 -4.90186 0.985814
3.34 -4.89175 1.03478
3.35 -4.88116 1.08365
3.36 -4.87008 1.13241
3.37 -4.85851 1.18105
3.38 -4.84646 1.22958
3.39 -4.83392 1.27798
3.4 -4.8209 1.32626
3.41 -4.8074 1.3744
3.42 -4.79341 1.4224
3.43 -4.77895 1.47027
3.44 -4.76401 1.51798
3.45 -4.74859 1.56555
3.46 -4.73269 1.61295
3.47 -4.71633 1.6602
3.48 -4.69949 1.70728
3.49 -4.68218 1.75419
3.5 -4.66441 1.80092
3.51 -4.64616 1.84748
3.52 -4.62746 1.89385
3.53 -4.60829 1.94003
3.54 -4.58866 1.98601
3.55 -4.56857 2.0318
3.56 -4.54802 2.07738
3.57 -4.52702 2.12276
3.58 -4.50557 2.16792
3.59 -4.48366 2.21287
3.6 -4.46131 2.2576
3.61 -4.43851 2.3021
3.62 -4.41527 2.34637
3.63 -4.39158 2.3904
3.64 -4.36746 2.4342
3.65 -4.3429 2.47775
3.66 -4.3179 2.52106
3.67 -4.29248 2.56411
3.68 -4.26662 2.60691
3.69 -4.24034 2.64944
3.7 -4.21363 2.69171
3.71 -4.1865 2.73372
3.72 -4.15896 2.77544
3.73 -4.131 2.8169
3.74 -4.10262 2.85806
3.75 -4.07383 2.89895
3.76 -4.04464 2.93954
3.77 -4.01504 2.97984
3.78 -3.98504 3.01984
3.79 -3.95465 3.05954
3.8 -3.92385 3.09893
3.81 -3.89267 3.13802
3.82 -3.86109 3.17679
3.83 -3.82913 3.21524
3.84 -3.79679 3.25337
3.85 -3.76406 3.29118
3.86 -3.73096 3.32865
3.87 -3.69749 3.3658
3.88 -3.66365 3.4026
3.89 -3.62944 3.43907
3.9 -3.59487 3.47519
3.91 -3.55994 3.51097
3.92 -3.52465 3.54639
3.93 -3.48901 3.58146
3.94 -3.45302 3.61617
3.95 -3.41668 3.65052
3.96 -3.38001 3.6845
3.97 -3.34299 3.71812
3.98 -3.30565 3.75136
3.99 -3.26797 3.78423
4 -3.22996 3.81672
4.01 -3.19163 3.84883
4.02 -3.15299 3.88056
4.03 -3.11402 3.91189
4.04 -3.07475 3.94284
4.05 -3.03517 3.97339
4.06 -2.99528 4.00354
4.07 -2.95509 4.03329
4.08 -2.91461 4.06264
4.09 -2.87384 4.09158
4.1 -2.83278 4.12012
4.11 -2.79144 4.14824
4.12 -2.74982 4.17595
4.13 -2.70792 4.20324
4.14 -2.66575 4.23011
4.15 -2.62332 4.25655
4.16 -2.58062 4.28257
4.17 -2.53767 4.30816
4.18 -2.49446 4.33332
4.19 -2.451 4.35805
4.2 -2.4073 4.38234
4.21 -2.36335 4.4062
4.22 -2.31917 4.42961
4.23 -2.27476 4.45258
4.24 -2.23012 4.47511
4.25 -2.18526 4.49718
4.26 -2.14018 4.51881
4.27 -2.09488 4.53999
4.28 -2.04938 4.56071
4.29 -2.00367 4.58098
4.3 -1.95776 4.60078
4.31 -1.91165 4.62013
4.32 -1.86536 4.63902
4.33 -1.81887 4.65744
4.34 -1.77221 4.67539
4.35 -1.72536 4.69288
4.36 -1.67835 4.7099
4.37 -1.63117 4.72645
4.38 -1.58382 4.74252
4.39 -1.53632 4.75813
4.4 -1.48866 4.77325
4.41 -1.44085 4.7879
4.42 -1.3929 4.80207
4.43 -1.34481 4.81576
4.44 -1.29659 4.82896
4.45 -1.24823 4.84169
4.46 -1.19975 4.85393
4.47 -1.15115 4.86568
4.48 -1.10244 4.87695
4.49 -1.05361 4.88773
4.5 -1.00468 4.89802
4.51 -0.955653 4.90783
4.52 -0.906527 4.91714
4.53 -0.85731 4.92596
4.54 -0.808007 4.93428
4.55 -0.758624 4.94212
4.56 -0.709165 4.94946
4.57 -0.659635 4.9563
4.58 -0.610039 4.96265
4.59 -0.560382 4.9685
4.6 -0.510669 4.97386
4.61 -0.460905 4.97871
4.62 -0.411095 4.98307
4.63 -0.361243 4.98694
4.64 -0.311356 4.9903
4.65 -0.261437 4.99316
4.66 -0.211493 4.99553
4.67 -0.161527 4.99739
4.68 -0.111545 4.99876
4.69 -0.0615517 4.99962
4.7 -0.0115524 4.99999
4.71 0.0384481 4.99986
4.72 0.0884447 4.99922
4.73 0.138432 4.99809
4.74 0.188406 4.99645
4.75 0.238362 4.99432
4.76 0.288293 4.99168
4.77 0.338195 4.98855
4.78 0.388064 4.98492
4.79 0.437894 4.98079
4.8 0.48768 4.97616
4.81 0.537417 4.97104
4.82 0.5871 4.96541
4.83 0.636725 4.9593
4.84 0.686286 4.95268
4.85 0.735779 4.94557
4.86 0.785198 4.93796
4.87 0.834538 4.92987
4.88 0.883795 4.92127
4.89 0.932964 4.91219
4.9 0.982039 4.90261
4.91 1.03102 4.89255
4.92 1.07989 4.88199
4.93 1.12866 4.87095
4.94 1.17731 4.85942
4.95 1.22584 4.84741
4.96 1.27426 4.8349
4.97 1.32254 4.82192
4.98 1.3707 4.80845
4.99 1.41871 4.79451
5 1.46659 4.78008
5.01 1.51431 4.76517
5.02 1.56189 4.74979
5.03 1.60931 4.73394
5.04 1.65657 4.71761
5.05 1.70366 4.70081
5.06 1.75058 4.68353
5.07 1.79733 4.66579
5.08 1.8439 4.64759
5.09 1.89028 4.62892
5.1 1.93648 4.60978
5.11 1.98248 4.59019
5.12 2.02828 4.57013
5.13 2.07388 4.54962
5.14 2.11927 4.52865
5.15 2.16445 4.50724
5.16 2.20942 4.48537
5.17 2.25416 4.46305
5.18 2.29868 4.44028
5.19 2.34297 4.41707
5.2 2.38702 4.39342
5.21 2.43084 4.36933
5.22 2.47441 4.34481
5.23 2.51773 4.31984
5.24 2.5608 4.29445
5.25 2.60362 4.26863
5.26 2.64618 4.24238
5.27 2.68847 4.2157
5.28 2.73049 4.18861
5.29 2.77224 4.1611
5.3 2.81371 4.13316
5.31 2.8549 4.10482
5.32 2.89581 4.07607
5.33 2.93643 4.0469
5.34 2.97675 4.01734
5.35 3.01677 3.98737
5.36 3.0565 3.957
5.37 3.09591 3.92624
5.38 3.13502 3.89508
5.39 3.17381 3.86354
5.4 3.21229 3.83161
5.41 3.25045 3.79929
5.42 3.28828 3.7666
5.43 3.32578 3.73353
5.44 3.36295 3.70008
5.45 3.39978 3.66627
5.46 3.43627 3.63209
5.47 3.47242 3.59754
5.48 3.50822 3.56264
5.49 3.54367 3.52738
5.5 3.57877 3.49177
5.51 3.61351 3.4558
5.52 3.64789 3.4195
5.53 3.6819 3.38285
5.54 3.71554 3.34586
5.55 3.74882 3.30854
5.56 3.78171 3.27088
5.57 3.81423 3.2329
5.58 3.84637 3.1946
5.59 3.87813 3.15597
5.6 3.90949 3.11703
5.61 3.94047 3.07778
5.62 3.97105 3.03823
5.63 4.00123 2.99836
5.64 4.03102 2.9582
5.65 4.0604 2.91774
5.66 4.08937 2.87699
5.67 4.11794 2.83595
5.68 4.14609 2.79463
5.69 4.17383 2.75303
5.7 4.20115 2.71116
5.71 4.22805 2.66901
5.72 4.25453 2.6266
5.73 4.28058 2.58392
5.74 4.30621 2.54098
5.75 4.3314 2.4978
5.76 4.35616 2.45436
5.77 4.38049 2.41067
5.78 4.40438 2.36675
5.79 4.42783 2.32258
5.8 4.45083 2.27819
5.81 4.47339 2.23357
5.82 4.4955 2.18872
5.83 4.51716 2.14366
5.84 4.53837 2.09838
5.85 4.55913 2.05289
5.86 4.57943 2.0072
5.87 4.59928 1.9613
5.88 4.61866 1.91521
5.89 4.63758 1.86893
5.9 4.65604 1.82246
5.91 4.67403 1.77581
5.92 4.69155 1.72898
5.93 4.70861 1.68198
5.94 4.72519 1.63481
5.95 4.7413 1.58747
5.96 4.75694 1.53998
5.97 4.7721 1.49233
5.98 4.78679 1.44454
5.99 4.80099 1.3966
6 4.81472 1.34852
6.01 4.82797 1.3003
6.02 4.84073 1.25196
6.03 4.853 1.20349
6.04 4.8648 1.1549
6.05 4.8761 1.10619
6.06 4.88692 1.05738
6.07 4.89725 1.00846
6.08 4.90709 0.959432
6.09 4.91644 0.910313
6.1 4.9253 0.861103
6.11 4.93366 0.811807
6.12 4.94153 0.76243
6.13 4.94891 0.712977
6.14 4.95579 0.663452
6.15 4.96218 0.613861
6.16 4.96807 0.564209
6.17 4.97346 0.5145
6.18 4.97836 0.464739
6.19 4.98276 0.414932
6.2 4.98666 0.365084
6.21 4.99006 0.315199
6.22 4.99296 0.265283
6.23 4.99536 0.21534
6.24 4.99727 0.165376
6.25 4.99867 0.115395
6.26 4.99958 0.0654022
6.27 4.99998 0.0154032
6.28 4.99988 -0.0345974
6.29 4.99929 -0.0845945
6.3 4.99819 -0.134583
6.31 4.9966 -0.184558
6.32 4.9945 -0.234515
6.33 4.99191 -0.284448
6.34 4.98881 -0.334353
6.35 4.98522 -0.384225
6.36 4.98113 -0.434058
6.37 4.97654 -0.483847
6.38 4.97145 -0.533588
6.39 4.96587 -0.583276
6.4 4.95979 -0.632906
6.41 4.95321 -0.682472
6.42 4.94614 -0.73197
6.43 4.93857 -0.781395
6.44 4.93051 -0.830741
6.45 4.92195 -0.880005
6.46 4.91291 -0.92918
6.47 4.90337 -0.978263
6.48 4.89334 -1.02725
6.49 4.88283 -1.07613
6.5 4.87182 -1.1249
6.51 4.86033 -1.17357
6.52 4.84835 -1.22211
6.53 4.83589 -1.27053
6.54 4.82294 -1.31883
6.55 4.80951 -1.36699
6.56 4.7956 -1.41502
6.57 4.78121 -1.4629
6.58 4.76634 -1.51064
6.59 4.751 -1.55823
6.6 4.73518 -1.60566
6.61 4.71888 -1.65293
6.62 4.70212 -1.70004
6.63 4.68488 -1.74698
6.64 4.66718 -1.79374
6.65 4.64901 -1.84032
6.66 4.63037 -1.88672
6.67 4.61127 -1.93293
6.68 4.59171 -1.97894
6.69 4.57169 -2.02476
6.7 4.55122 -2.07038
6.71 4.53029 -2.11579
6.72 4.5089 -2.16098
6.73 4.48707 -2.20596
6.74 4.46478 -2.25072
6.75 4.44205 -2.29526
6.76 4.41888 -2.33957
6.77 4.39526 -2.38364
6.78 4.3712 -2.42747
6.79 4.34671 -2.47106
6.8 4.32178 -2.51441
6.81 4.29642 -2.5575
6.82 4.27063 -2.60033
6.83 4.24442 -2.64291
6.84 4.21778 -2.68522
6.85 4.19071 -2.72727
6.86 4.16323 -2.76904
6.87 4.13533 -2.81053
6.88 4.10702 -2.85174
6.89 4.0783 -2.89267
6.9 4.04917 -2.93331
6.91 4.01963 -2.97365
6.92 3.98969 -3.0137
6.93 3.95936 -3.05345
6.94 3.92862 -3.09289
6.95 3.8975 -3.13202
6.96 3.86598 -3.17084
6.97 3.83408 -3.20934
6.98 3.8018 -3.24752
6.99 3.76913 -3.28538
7 3.73609 -3.3229
7.01 3.70267 -3.3601
7.02 3.66889 -3.39696
7.03 3.63473 -3.43348
7.04 3.60022 -3.46965
7.05 3.56534 -3.50548
7.06 3.53011 -3.54096
7.07 3.49452 -3.57608
7.08 3.45859 -3.61085
7.09 3.42231 -3.64525
7.1 3.38568 -3.67929
7.11 3.34872 -3.71297
7.12 3.31142 -3.74627
7.13 3.27379 -3.7792
7.14 3.23584 -3.81174
7.15 3.19756 -3.84391
7.16 3.15896 -3.8757
7.17 3.12005 -3.90709
7.18 3.08082 -3.9381
7.19 3.04128 -3.96871
7.2 3.00144 -3.99892
7.21 2.9613 -4.02874
7.22 2.92087 -4.05815
7.23 2.88014 -4.08715
7.24 2.83913 -4.11575
7.25 2.79783 -4.14394
7.26 2.75625 -4.17171
7.27 2.71439 -4.19906
7.28 2.67227 -4.226
7.29 2.62987 -4.25251
7.3 2.58722 -4.27859
7.31 2.5443 -4.30425
7.32 2.50113 -4.32948
7.33 2.45771 -4.35427
7.34 2.41405 -4.37863
7.35 2.37014 -4.40255
7.36 2.32599 -4.42604
7.37 2.28162 -4.44907
7.38 2.23701 -4.47167
7.39 2.19218 -4.49382
7.4 2.14714 -4.51551
7.41 2.10187 -4.53676
7.42 2.0564 -4.55755
7.43 2.01072 -4.57789
7.44 1.96484 -4.59776
7.45 1.91877 -4.61718
7.46 1.8725 -4.63614
7.47 1.82605 -4.65463
7.48 1.77941 -4.67266
7.49 1.73259 -4.69022
7.5 1.6856 -4.70731
7.51 1.63845 -4.72393
7.52 1.59112 -4.74008
7.53 1.54364 -4.75576
7.54 1.49601 -4.77095
7.55 1.44823 -4.78568
7.56 1.4003 -4.79992
7.57 1.35223 -4.81368
7.58 1.30402 -4.82696
7.59 1.25569 -4.83976
7.6 1.20723 -4.85208
7.61 1.15865 -4.86391
7.62 1.10995 -4.87525
7.63 1.06114 -4.88611
7.64 1.01223 -4.89647
7.65 0.963211 -4.90635
7.66 0.9141 -4.91574
7.67 0.864897 -4.92463
7.68 0.815607 -4.93303
7.69 0.766236 -4.94094
7.7 0.716788 -4.94836
7.71 0.667269 -4.95528
7.72 0.617683 -4.9617
7.73 0.568035 -4.96763
7.74 0.51833 -4.97307
7.75 0.468573 -4.978
7.76 0.41877 -4.98244
7.77 0.368925 -4.98638
7.78 0.319042 -4.98982
7.79 0.269128 -4.99276
7.8 0.219187 -4.9952
7.81 0.169224 -4.99714
7.82 0.119244 -4.99858
7.83 0.0692527 -4.99953
7.84 0.019254 -4.99997
7.85 -0.0307466 -4.99991
7.86 -0.0807442 -4.99935
7.87 -0.130734 -4.9983
7.88 -0.18071 -4.99674
7.89 -0.230668 -4.99468
7.9 -0.280604 -4.99212
7.91 -0.330511 -4.98907
7.92 -0.380385 -4.98551
7.93 -0.430221 -4.98146
7.94 -0.480014 -4.97691
7.95 -0.529759 -4.97186
7.96 -0.579452 -4.96632
7.97 -0.629086 -4.96027
7.98 -0.678657 -4.95373
7.99 -0.72816 -4.9467
8 -0.777591 -4.93917
8.01 -0.826944 -4.93115
8.02 -0.876214 -4.92263
8.03 -0.925396 -4.91362
8.04 -0.974486 -4.90412
8.05 -1.02348 -4.89413
8.06 -1.07237 -4.88365
8.07 -1.12115 -4.87269
8.08 -1.16982 -4.86123
8.09 -1.21838 -4.84929
8.1 -1.26681 -4.83686
8.11 -1.31511 -4.82395
8.12 -1.36329 -4.81056
8.13 -1.41133 -4.79669
8.14 -1.45922 -4.78233
8.15 -1.50697 -4.7675
8.16 -1.55457 -4.7522
8.17 -1.60202 -4.73641
8.18 -1.6493 -4.72015
8.19 -1.69642 -4.70343
8.2 -1.74337 -4.68623
8.21 -1.79014 -4.66856
8.22 -1.83674 -4.65042
8.23 -1.88315 -4.63182
8.24 -1.92938 -4.61276
8.25 -1.97541 -4.59324
8.26 -2.02124 -4.57325
8.27 -2.06687 -4.55281
8.28 -2.1123 -4.53192
8.29 -2.15751 -4.51057
8.3 -2.20251 -4.48876
8.31 -2.24729 -4.46652
8.32 -2.29184 -4.44382
8.33 -2.33616 -4.42068
8.34 -2.38025 -4.3971
8.35 -2.4241 -4.37307
8.36 -2.46771 -4.34861
8.37 -2.51108 -4.32372
8.38 -2.55419 -4.29839
8.39 -2.59704 -4.27264
8.4 -2.63964 -4.24645
8.41 -2.68197 -4.21984
8.42 -2.72404 -4.19281
8.43 -2.76583 -4.16536
8.44 -2.80734 -4.1375
8.45 -2.84858 -4.10922
8.46 -2.88953 -4.08052
8.47 -2.93019 -4.05142
8.48 -2.97056 -4.02192
8.49 -3.01063 -3.99201
8.5 -3.0504 -3.96171
8.51 -3.08986 -3.93101
8.52 -3.12902 -3.89991
8.53 -3.16786 -3.86843
8.54 -3.20639 -3.83655
8.55 -3.24459 -3.8043
8.56 -3.28247 -3.77166
8.57 -3.32002 -3.73865
8.58 -3.35725 -3.70526
8.59 -3.39413 -3.6715
8.6 -3.43068 -3.63738
8.61 -3.46688 -3.60289
8.62 -3.50273 -3.56804
8.63 -3.53824 -3.53283
8.64 -3.57339 -3.49728
8.65 -3.60818 -3.46137
8.66 -3.64262 -3.42511
8.67 -3.67669 -3.38851
8.68 -3.71039 -3.35158
8.69 -3.74372 -3.31431
8.7 -3.77667 -3.2767
8.71 -3.80925 -3.23877
8.72 -3.84145 -3.20052
8.73 -3.87326 -3.16194
8.74 -3.90469 -3.12305
8.75 -3.93572 -3.08385
8.76 -3.96637 -3.04434
8.77 -3.99661 -3.00452
8.78 -4.02646 -2.96441
8.79 -4.0559 -2.92399
8.8 -4.08494 -2.88329
8.81 -4.11356 -2.8423
8.82 -4.14178 -2.80102
8.83 -4.16958 -2.75946
8.84 -4.19697 -2.71763
8.85 -4.22394 -2.67552
8.86 -4.25048 -2.63315
8.87 -4.2766 -2.59051
8.88 -4.30229 -2.54762
8.89 -4.32755 -2.50447
8.9 -4.35238 -2.46106
8.91 -4.37677 -2.41742
8.92 -4.40073 -2.37353
8.93 -4.42424 -2.3294
8.94 -4.44732 -2.28504
8.95 -4.46995 -2.24046
8.96 -4.49213 -2.19565
8.97 -4.51386 -2.15061
8.98 -4.53514 -2.10537
8.99 -4.55597 -2.05991
9 -4.57634 -2.01425
9.01 -4.59625 -1.96838
9.02 -4.6157 -1.92232
9.03 -4.6347 -1.87607
9.04 -4.65323 -1.82963
9.05 -4.67129 -1.78301
9.06 -4.68889 -1.7362
9.07 -4.70601 -1.68923
9.08 -4.72267 -1.64208
9.09 -4.73886 -1.59477
9.1 -4.75457 -1.54731
9.11 -4.7698 -1.49968
9.12 -4.78456 -1.45191
9.13 -4.79884 -1.40399
9.14 -4.81264 -1.35593
9.15 -4.82596 -1.30774
9.16 -4.83879 -1.25941
9.17 -4.85115 -1.21096
9.18 -4.86301 -1.16239
9.19 -4.87439 -1.1137
9.2 -4.88529 -1.0649
9.21 -4.89569 -1.016
9.22 -4.90561 -0.96699
9.23 -4.91503 -0.917886
9.24 -4.92397 -0.868689
9.25 -4.93241 -0.819406
9.26 -4.94035 -0.770041
9.27 -4.94781 -0.720599
9.28 -4.95477 -0.671085
9.29 -4.96123 -0.621504
9.3 -4.9672 -0.571861
9.31 -4.97267 -0.52216
9.32 -4.97764 -0.472407
9.33 -4.98211 -0.422607
9.34 -4.98609 -0.372765
9.35 -4.98957 -0.322885
9.36 -4.99255 -0.272974
9.37 -4.99503 -0.223034
9.38 -4.99701 -0.173073
9.39 -4.99849 -0.123094
9.4 -4.99947 -0.0731031
9.41 -4.99995 -0.0231048
9.42 -4.99993 0.0268959
9.43 -4.99941 0.0768939
9.44 -4.9984 0.126884
9.45 -4.99688 0.176862
9.46 -4.99486 0.226822
9.47 -4.99234 0.276759
9.48 -4.98932 0.326669
9.49 -4.98581 0.376545
9.5 -4.98179 0.426385
9.51 -4.97728 0.476181
9.52 -4.97227 0.52593
9.53 -4.96676 0.575627
9.54 -4.96076 0.625266
9.55 -4.95426 0.674842
9.56 -4.94726 0.724351
9.57 -4.93977 0.773787
9.58 -4.93178 0.823146
9.59 -4.92331 0.872423
9.6 -4.91434 0.921612
9.61 -4.90487 0.970709
9.62 -4.89492 1.01971
9.63 -4.88448 1.06861
9.64 -4.87355 1.1174
9.65 -4.86213 1.16608
9.66 -4.85023 1.21464
9.67 -4.83784 1.26308
9.68 -4.82497 1.3114
9.69 -4.81161 1.35958
9.7 -4.79777 1.40763
9.71 -4.78346 1.45554
9.72 -4.76866 1.5033
9.73 -4.75339 1.55091
9.74 -4.73765 1.59837
9.75 -4.72142 1.64566
9.76 -4.70473 1.6928
9.77 -4.68757 1.73976
9.78 -4.66994 1.78655
9.79 -4.65184 1.83316
9.8 -4.63327 1.87958
9.81 -4.61425 1.92582
9.82 -4.59476 1.97187
9.83 -4.57481 2.01772
9.84 -4.5544 2.06337
9.85 -4.53354 2.10881
9.86 -4.51223 2.15404
9.87 -4.49046 2.19905
9.88 -4.46825 2.24385
9.89 -4.44558 2.28842
9.9 -4.42248 2.33276
9.91 -4.39893 2.37687
9.92 -4.37494 2.42074
9.93 -4.35051 2.46436
9.94 -4.32565 2.50775
9.95 -4.30036 2.55088
9.96 -4.27464 2.59375
9.97 -4.24848 2.63637
9.98 -4.22191 2.67872
9.99 -4.19491 2.72081
10 -4.16749 2.76262
10.01 -4.13966 2.80416
10.02 -4.11141 2.84541
10.03 -4.08275 2.88639
10.04 -4.05368 2.92707
10.05 -4.02421 2.96746
10.06 -3.99433 3.00755
10.07 -3.96406 3.04735
10.08 -3.93338 3.08683
10.09 -3.90232 3.12601
10.1 -3.87086 3.16488
10.11 -3.83902 3.20343
10.12 -3.8068 3.24166
10.13 -3.77419 3.27957
10.14 -3.7412 3.31715
10.15 -3.70785 3.35439
10.16 -3.67412 3.3913
10.17 -3.64002 3.42787
10.18 -3.60556 3.4641
10.19 -3.57074 3.49998
10.2 -3.53556 3.53552
10.21 -3.50003 3.5707
10.22 -3.46415 3.60552
10.23 -3.42792 3.63998
10.24 -3.39135 3.67408
10.25 -3.35444 3.70781
10.26 -3.31719 3.74116
10.27 -3.27961 3.77415
10.28 -3.24171 3.80676
10.29 -3.20348 3.83898
10.3 -3.16493 3.87083
10.31 -3.12606 3.90228
10.32 -3.08688 3.93335
10.33 -3.04739 3.96402
10.34 -3.0076 3.9943
10.35 -2.96751 4.02417
10.36 -2.92712 4.05365
10.37 -2.88643 4.08271
10.38 -2.84546 4.11137
10.39 -2.80421 4.13962
10.4 -2.76267 4.16746
10.41 -2.72086 4.19488
10.42 -2.67877 4.22188
10.43 -2.63642 4.24845
10.44 -2.5938 4.2746
10.45 -2.55093 4.30033
10.46 -2.5078 4.32562
10.47 -2.46442 4.35048
10.48 -2.42079 4.37491
10.49 -2.37692 4.3989
10.5 -2.33281 4.42245
10.51 -2.28847 4.44556
10.52 -2.2439 4.46822
10.53 -2.1991 4.49043
10.54 -2.15409 4.5122
10.55 -2.10886 4.53352
10.56 -2.06342 4.55438
10.57 -2.01777 4.57479
10.58 -1.97192 4.59473
10.59 -1.92588 4.61422
10.6 -1.87964 4.63325
10.61 -1.83321 4.65182
10.62 -1.7866 4.66992
10.63 -1.73982 4.68755
10.64 -1.69285 4.70471
10.65 -1.64572 4.72141
10.66 -1.59842 4.73763
10.67 -1.55097 4.75337
10.68 -1.50336 4.76865
10.69 -1.4556 4.78344
10.7 -1.40769 4.79776
10.71 -1.35964 4.81159
10.72 -1.31146 4.82495
10.73 -1.26314 4.83782
10.74 -1.2147 4.85021
10.75 -1.16614 4.86212
10.76 -1.11746 4.87354
10.77 -1.06867 4.88447
10.78 -1.01977 4.89491
10.79 -0.970768 4.90486
10.8 -0.921671 4.91433
10.81 -0.872482 4.9233
10.82 -0.823205 4.93177
10.83 -0.773846 4.93976
10.84 -0.72441 4.94725
10.85 -0.674901 4.95425
10.86 -0.625325 4.96075
10.87 -0.575686 4.96675
10.88 -0.52599 4.97226
10.89 -0.476241 4.97727
10.9 -0.426444 4.98179
10.91 -0.376605 4.9858
10.92 -0.326728 4.98932
10.93 -0.276819 4.99234
10.94 -0.226881 4.99486
10.95 -0.176921 4.99688
10.96 -0.126944 4.9984
10.97 -0.0769535 4.99941
10.98 -0.0269555 4.99993
10.99 0.0230452 4.99995
11 0.0730435 4.99947
11.01 0.123035 4.99849
11.02 0.173013 4.99701
11.03 0.222975 4.99503
11.04 0.272914 4.99255
11.05 0.322826 4.98957
11.06 0.372706 4.9861
11.07 0.422548 4.98212
11.08 0.472348 4.97765
11.09 0.522101 4.97267
11.1 0.571801 4.9672
11.11 0.621445 4.96124
11.12 0.671026 4.95477
11.13 0.72054 4.94782
11.14 0.769982 4.94036
11.15 0.819348 4.93242
11.16 0.868631 4.92398
11.17 0.917827 4.91504
11.18 0.966932 4.90562
11.19 1.01594 4.89571
11.2 1.06485 4.8853
11.21 1.11365 4.87441
11.22 1.16233 4.86303
11.23 1.21091 4.85116
11.24 1.25936 4.83881
11.25 1.30768 4.82598
11.26 1.35588 4.81266
11.27 1.40394 4.79886
11.28 1.45185 4.78458
11.29 1.49963 4.76982
11.3 1.54725 4.75459
11.31 1.59472 4.73888
11.32 1.64203 4.72269
11.33 1.68917 4.70604
11.34 1.73615 4.68891
11.35 1.78295 4.67131
11.36 1.82957 4.65325
11.37 1.87602 4.63472
11.38 1.92227 4.61573
11.39 1.96833 4.59628
11.4 2.01419 4.57636
11.41 2.05986 4.55599
11.42 2.10531 4.53517
11.43 2.15056 4.51389
11.44 2.19559 4.49215
11.45 2.2404 4.46997
11.46 2.28499 4.44735
11.47 2.32935 4.42427
11.48 2.37348 4.40076
11.49 2.41737 4.3768
11.5 2.46101 4.35241
11.51 2.50441 4.32758
11.52 2.54757 4.30232
11.53 2.59046 4.27663
11.54 2.6331 4.25051
11.55 2.67547 4.22397
11.56 2.71758 4.197
11.57 2.75941 4.16962
11.58 2.80097 4.14182
11.59 2.84225 4.1136
11.6 2.88324 4.08497
11.61 2.92395 4.05593
11.62 2.96436 4.02649
11.63 3.00448 3.99665
11.64 3.04429 3.9664
11.65 3.0838 3.93576
11.66 3.12301 3.90473
11.67 3.1619 3.8733
11.68 3.20047 3.84149
11.69 3.23873 3.80929
11.7 3.27666 3.77671
11.71 3.31426 3.74376
11.72 3.35154 3.71043
11.73 3.38847 3.67673
11.74 3.42507 3.64266
11.75 3.46133 3.60823
11.76 3.49723 3.57343
11.77 3.53279 3.53828
11.78 3.568 3.50278
11.79 3.60285 3.46692
11.8 3.63734 3.43072
11.81 3.67146 3.39418
11.82 3.70522 3.35729
11.83 3.73861 3.32007
11.84 3.77162 3.28252
11.85 3.80426 3.24464
11.86 3.83652 3.20643
11.87 3.86839 3.16791
11.88 3.89987 3.12907
11.89 3.93097 3.08991
11.9 3.96167 3.05045
11.91 3.99198 3.01068
11.92 4.02189 2.97061
11.93 4.05139 2.93024
11.94 4.08049 2.88958
11.95 4.10918 2.84863
11.96 4.13746 2.8074
11.97 4.16533 2.76588
11.98 4.19278 2.72409
11.99 4.21981 2.68202
12 4.24642 2.63969
12.01 4.27261 2.5971
12.02 4.29836 2.55424
12.03 4.32369 2.51113
12.04 4.34859 2.46777
12.05 4.37305 2.42416
12.06 4.39707 2.38031
12.07 4.42065 2.33622
12.08 4.44379 2.29189
12.09 4.46649 2.24734
12.1 4.48874 2.20256
12.11 4.51054 2.15757
12.12 4.53189 2.11235
12.13 4.55279 2.06693
12.14 4.57323 2.0213
12.15 4.59321 1.97546
12.16 4.61274 1.92943
12.17 4.6318 1.88321
12.18 4.6504 1.8368
12.19 4.66854 1.7902
12.2 4.68621 1.74343
12.21 4.70341 1.69648
12.22 4.72014 1.64936
12.23 4.7364 1.60207
12.24 4.75218 1.55463
12.25 4.76749 1.50703
12.26 4.78232 1.45928
12.27 4.79667 1.41138
12.28 4.81055 1.36335
12.29 4.82394 1.31517
12.3 4.83685 1.26687
12.31 4.84928 1.21844
12.32 4.86122 1.16988
12.33 4.87268 1.12121
12.34 4.88364 1.07243
12.35 4.89412 1.02354
12.36 4.90411 0.974545
12.37 4.91361 0.925456
12.38 4.92262 0.876273
12.39 4.93114 0.827003
12.4 4.93916 0.77765
12.41 4.94669 0.72822
12.42 4.95373 0.678716
12.43 4.96027 0.629145
12.44 4.96631 0.579511
12.45 4.97186 0.529819
12.46 4.97691 0.480074
12.47 4.98146 0.430281
12.48 4.98551 0.380445
12.49 4.98907 0.330571
12.5 4.99212 0.280663
12.51 4.99468 0.230728
12.52 4.99674 0.18077
12.53 4.9983 0.130793
12.54 4.99935 0.0808039
12.55 4.99991 0.0308063
12.56 4.99997 -0.0191944
12.57 4.99953 -0.0691931
12.58 4.99859 -0.119185
12.59 4.99715 -0.169165
12.6 4.9952 -0.219128
12.61 4.99276 -0.269069
12.62 4.98982 -0.318983
12.63 4.98638 -0.368865
12.64 4.98245 -0.418711
12.65 4.97801 -0.468514
12.66 4.97307 -0.518271
12.67 4.96764 -0.567976
12.68 4.96172 -0.617624
12.69 4.95529 -0.66721
12.7 4.94837 -0.71673
12.71 4.94096 -0.766178
12.72 4.93305 -0.815549
12.73 4.92465 -0.864839
12.74 4.91575 -0.914042
12.75 4.90636 -0.963154
12.76 4.89649 -1.01217
12.77 4.88612 -1.06108
12.78 4.87527 -1.10989
12.79 4.86392 -1.15859
12.8 4.85209 -1.20717
12.81 4.83978 -1.25563
12.82 4.82698 -1.30397
12.83 4.8137 -1.35217
12.84 4.79994 -1.40024
12.85 4.7857 -1.44817
12.86 4.77098 -1.49595
12.87 4.75578 -1.54359
12.88 4.7401 -1.59107
12.89 4.72396 -1.63839
12.9 4.70734 -1.68555
12.91 4.69024 -1.73254
12.92 4.67268 -1.77935
12.93 4.65466 -1.82599
12.94 4.63617 -1.87245
12.95 4.61721 -1.91871
12.96 4.59779 -1.96479
12.97 4.57791 -2.01067
12.98 4.55758 -2.05635
12.99 4.53679 -2.10182
13 4.51554 -2.14708
13.01 4.49384 -2.19213
13.02 4.4717 -2.23696
13.03 4.44911 -2.28157
13.04 4.42607 -2.32594
13.05 4.40259 -2.37009
13.06 4.37867 -2.414
13.07 4.35431 -2.45766
13.08 4.32951 -2.50108
13.09 4.30428 -2.54425
13.1 4.27863 -2.58717
13.11 4.25254 -2.62982
13.12 4.22603 -2.67222
13.13 4.1991 -2.71434
13.14 4.17174 -2.7562
13.15 4.14397 -2.79778
13.16 4.11579 -2.83908
13.17 4.08719 -2.8801
13.18 4.05819 -2.92082
13.19 4.02878 -2.96126
13.2 3.99896 -3.0014
13.21 3.96875 -3.04124
13.22 3.93814 -3.08077
13.23 3.90713 -3.12
13.24 3.87574 -3.15892
13.25 3.84395 -3.19752
13.26 3.81179 -3.2358
13.27 3.77924 -3.27375
13.28 3.74631 -3.31138
13.29 3.71301 -3.34868
13.3 3.67934 -3.38564
13.31 3.6453 -3.42226
13.32 3.61089 -3.45855
13.33 3.57613 -3.49448
13.34 3.541 -3.53007
13.35 3.50552 -3.5653
13.36 3.4697 -3.60018
13.37 3.43352 -3.6347
13.38 3.397 -3.66885
13.39 3.36014 -3.70264
13.4 3.32295 -3.73605
13.41 3.28542 -3.7691
13.42 3.24757 -3.80176
13.43 3.20939 -3.83405
13.44 3.17089 -3.86595
13.45 3.13207 -3.89746
13.46 3.09294 -3.92859
13.47 3.0535 -3.95932
13.48 3.01375 -3.98966
13.49 2.9737 -4.0196
13.5 2.93336 -4.04913
13.51 2.89272 -4.07827
13.52 2.85179 -4.10699
13.53 2.81058 -4.1353
13.54 2.76909 -4.1632
13.55 2.72732 -4.19068
13.56 2.68527 -4.21775
13.57 2.64296 -4.24439
13.58 2.60039 -4.27061
13.59 2.55755 -4.2964
13.6 2.51446 -4.32176
13.61 2.47112 -4.34669
13.62 2.42753 -4.37118
13.63 2.38369 -4.39524
13.64 2.33962 -4.41885
13.65 2.29531 -4.44203
13.66 2.25078 -4.46476
13.67 2.20602 -4.48704
13.68 2.16104 -4.50888
13.69 2.11584 -4.53026
13.7 2.07043 -4.5512
13.71 2.02482 -4.57167
13.72 1.979 -4.59169
13.73 1.93298 -4.61125
13.74 1.88678 -4.63035
13.75 1.84038 -4.64899
13.76 1.7938 -4.66716
13.77 1.74703 -4.68486
13.78 1.7001 -4.7021
13.79 1.65299 -4.71887
13.8 1.60572 -4.73516
13.81 1.55829 -4.75098
13.82 1.5107 -4.76633
13.83 1.46296 -4.7812
13.84 1.41508 -4.79559
13.85 1.36705 -4.8095
13.86 1.31889 -4.82293
13.87 1.27059 -4.83587
13.88 1.22217 -4.84834
13.89 1.17363 -4.86032
13.9 1.12496 -4.87181
13.91 1.07619 -4.88282
13.92 1.02731 -4.89333
13.93 0.978322 -4.90336
13.94 0.92924 -4.9129
13.95 0.880064 -4.92195
13.96 0.830801 -4.9305
13.97 0.781454 -4.93856
13.98 0.73203 -4.94613
13.99 0.682532 -4.9532
14 0.632965 -4.95978
14.01 0.583336 -4.96586
14.02 0.533648 -4.97145
14.03 0.483907 -4.97654
14.04 0.434117 -4.98113
14.05 0.384284 -4.98522
14.06 0.334413 -4.98881
14.07 0.284508 -4.99191
14.08 0.234575 -4.9945
14.09 0.184618 -4.9966
14.1 0.134643 -4.9982
14.11 0.0846542 -4.99929
14.12 0.034657 -4.99989
14.13 -0.0153436 -4.99999
14.14 -0.0653427 -4.99958
14.15 -0.115335 -4.99868
14.16 -0.165316 -4.99728
14.17 -0.215281 -4.99537
14.18 -0.265224 -4.99297
14.19 -0.31514 -4.99007
14.2 -0.365025 -4.98667
14.21 -0.414873 -4.98277
14.22 -0.46468 -4.97837
14.23 -0.514441 -4.97347
14.24 -0.56415 -4.96808
14.25 -0.613802 -4.96219
14.26 -0.663394 -4.9558
14.27 -0.712919 -4.94892
14.28 -0.762372 -4.94155
14.29 -0.811749 -4.93368
14.3 -0.861046 -4.92531
14.31 -0.910256 -4.91645
14.32 -0.959375 -4.90711
14.33 -1.0084 -4.89727
14.34 -1.05732 -4.88694
14.35 -1.10614 -4.87612
14.36 -1.15484 -4.86482
14.37 -1.20343 -4.85302
14.38 -1.2519 -4.84075
14.39 -1.30025 -4.82799
14.4 -1.34846 -4.81474
14.41 -1.39654 -4.80102
14.42 -1.44448 -4.78681
14.43 -1.49228 -4.77213
14.44 -1.53993 -4.75697
14.45 -1.58742 -4.74133
14.46 -1.63475 -4.72522
14.47 -1.68192 -4.70863
14.48 -1.72892 -4.69158
14.49 -1.77575 -4.67405
14.5 -1.82241 -4.65606
14.51 -1.86888 -4.63761
14.52 -1.91516 -4.61869
14.53 -1.96125 -4.5993
14.54 -2.00714 -4.57946
14.55 -2.05284 -4.55916
14.56 -2.09833 -4.5384
14.57 -2.14361 -4.51719
14.58 -2.18867 -4.49553
14.59 -2.23352 -4.47342
14.6 -2.27814 -4.45086
14.61 -2.32253 -4.42786
14.62 -2.3667 -4.40441
14.63 -2.41062 -4.38052
14.64 -2.45431 -4.3562
14.65 -2.49775 -4.33144
14.66 -2.54094 -4.30624
14.67 -2.58387 -4.28062
14.68 -2.62655 -4.25457
14.69 -2.66896 -4.22809
14.7 -2.71111 -4.20119
14.71 -2.75299 -4.17387
14.72 -2.79459 -4.14613
14.73 -2.83591 -4.11797
14.74 -2.87695 -4.08941
14.75 -2.9177 -4.06044
14.76 -2.95816 -4.03106
14.77 -2.99832 -4.00127
14.78 -3.03818 -3.97109
14.79 -3.07774 -3.94051
14.8 -3.11699 -3.90953
14.81 -3.15593 -3.87817
14.82 -3.19455 -3.84642
14.83 -3.23286 -3.81428
14.84 -3.27084 -3.78176
14.85 -3.30849 -3.74886
14.86 -3.34582 -3.71559
14.87 -3.38281 -3.68194
14.88 -3.41946 -3.64793
14.89 -3.45576 -3.61356
14.9 -3.49173 -3.57882
14.91 -3.52734 -3.54372
14.92 -3.5626 -3.50827
14.93 -3.59751 -3.47247
14.94 -3.63205 -3.43632
14.95 -3.66623 -3.39983
14.96 -3.70005 -3.363
14.97 -3.73349 -3.32583
14.98 -3.76656 -3.28833
14.99 -3.79926 -3.2505
15 -3.83157 -3.21234
15.01 -3.86351 -3.17386
15.02 -3.89505 -3.13507
15.03 -3.92621 -3.09596
15.04 -3.95697 -3.05655
15.05 -3.98734 -3.01682
15.06 -4.01731 -2.9768
15.07 -4.04687 -2.93648
15.08 -4.07604 -2.89586
15.09 -4.10479 -2.85496
15.1 -4.13314 -2.81377
15.11 -4.16107 -2.77229
15.12 -4.18858 -2.73054
15.13 -4.21568 -2.68852
15.14 -4.24235 -2.64623
15.15 -4.2686 -2.60368
15.16 -4.29443 -2.56086
15.17 -4.31982 -2.51779
15.18 -4.34478 -2.47446
15.19 -4.36931 -2.43089
15.2 -4.3934 -2.38708
15.21 -4.41705 -2.34302
15.22 -4.44026 -2.29874
15.23 -4.46303 -2.25422
15.24 -4.48534 -2.20948
15.25 -4.50721 -2.16451
15.26 -4.52863 -2.11933
15.27 -4.5496 -2.07394
15.28 -4.57011 -2.02834
15.29 -4.59017 -1.98254
15.3 -4.60976 -1.93654
15.31 -4.6289 -1.89034
15.32 -4.64757 -1.84396
15.33 -4.66578 -1.79739
15.34 -4.68352 -1.75064
15.35 -4.70079 -1.70372
15.36 -4.71759 -1.65663
15.37 -4.73392 -1.60937
15.38 -4.74978 -1.56195
15.39 -4.76516 -1.51437
15.4 -4.78007 -1.46664
15.41 -4.7945 -1.41877
15.42 -4.80844 -1.37075
15.43 -4.82191 -1.3226
15.44 -4.8349 -1.27432
15.45 -4.8474 -1.2259
15.46 -4.85941 -1.17737
15.47 -4.87094 -1.12872
15.48 -4.88199 -1.07995
15.49 -4.89254 -1.03108
15.5 -4.90261 -0.982099
15.51 -4.91219 -0.933023
15.52 -4.92127 -0.883855
15.53 -4.92986 -0.834598
15.54 -4.93796 -0.785258
15.55 -4.94557 -0.735839
15.56 -4.95268 -0.686346
15.57 -4.95929 -0.636785
15.58 -4.96541 -0.58716
15.59 -4.97104 -0.537477
15.6 -4.97616 -0.48774
15.61 -4.98079 -0.437954
15.62 -4.98492 -0.388124
15.63 -4.98856 -0.338255
15.64 -4.99169 -0.288353
15.65 -4.99432 -0.238421
15.66 -4.99646 -0.188466
15.67 -4.99809 -0.138492
15.68 -4.99923 -0.0885044
15.69 -4.99986 -0.0385077
15.7 -5 0.0114928
15.71 -4.99963 0.0614922
15.72 -4.99877 0.111485
15.73 -4.9974 0.161468
15.74 -4.99554 0.211433
15.75 -4.99317 0.261378
15.76 -4.99031 0.311297
15.77 -4.98695 0.361184
15.78 -4.98309 0.411036
15.79 -4.97873 0.460846
15.8 -4.97387 0.51061
15.81 -4.96851 0.560324
15.82 -4.96266 0.609981
15.83 -4.95631 0.659577
15.84 -4.94947 0.709107
15.85 -4.94213 0.758566
15.86 -4.9343 0.80795
15.87 -4.92597 0.857252
15.88 -4.91715 0.906469
15.89 -4.90784 0.955595
15.9 -4.89804 1.00463
15.91 -4.88775 1.05356
15.92 -4.87697 1.10238
15.93 -4.8657 1.1511
15.94 -4.85395 1.1997
15.95 -4.84171 1.24817
15.96 -4.82899 1.29653
15.97 -4.81578 1.34475
15.98 -4.80209 1.39284
15.99 -4.78792 1.4408
16 -4.77328 1.4886
16.01 -4.75815 1.53626
16.02 -4.74255 1.58377
16.03 -4.72648 1.63111
16.04 -4.70993 1.6783
16.05 -4.69291 1.72531
16.06 -4.67542 1.77215
16.07 -4.65747 1.81882
16.08 -4.63905 1.8653
16.09 -4.62016 1.9116
16.1 -4.60081 1.95771
16.11 -4.58101 2.00362
16.12 -4.56074 2.04933
16.13 -4.54002 2.09483
16.14 -4.51884 2.14013
16.15 -4.49722 2.18521
16.16 -4.47514 2.23007
16.17 -4.45262 2.27471
16.18 -4.42965 2.31912
16.19 -4.40623 2.3633
16.2 -4.38238 2.40725
16.21 -4.35809 2.45095
16.22 -4.33336 2.49441
16.23 -4.3082 2.53762
16.24 -4.28261 2.58057
16.25 -4.25659 2.62327
16.26 -4.23014 2.66571
16.27 -4.20327 2.70787
16.28 -4.17599 2.74977
16.29 -4.14828 2.79139
16.3 -4.12016 2.83274
16.31 -4.09162 2.8738
16.32 -4.06268 2.91457
16.33 -4.03333 2.95505
16.34 -4.00358 2.99524
16.35 -3.97343 3.03512
16.36 -3.94288 3.07471
16.37 -3.91193 3.11398
16.38 -3.8806 3.15294
16.39 -3.84888 3.19159
16.4 -3.81677 3.22992
16.41 -3.78428 3.26793
16.42 -3.75141 3.30561
16.43 -3.71816 3.34296
16.44 -3.68455 3.37997
16.45 -3.65057 3.41665
16.46 -3.61622 3.45298
16.47 -3.58151 3.48897
16.48 -3.54644 3.52461
16.49 -3.51101 3.5599
16.5 -3.47524 3.59483
16.51 -3.43912 3.6294
16.52 -3.40265 3.66361
16.53 -3.36584 3.69746
16.54 -3.3287 3.73093
16.55 -3.29123 3.76403
16.56 -3.25342 3.79676
16.57 -3.21529 3.8291
16.58 -3.17684 3.86106
16.59 -3.13807 3.89264
16.6 -3.09899 3.92382
16.61 -3.05959 3.95462
16.62 -3.01989 3.98501
16.63 -2.97989 4.01501
16.64 -2.93959 4.04461
16.65 -2.899 4.07381
16.66 -2.85812 4.10259
16.67 -2.81695 4.13097
16.68 -2.7755 4.15893
16.69 -2.73377 4.18648
16.7 -2.69177 4.21361
16.71 -2.6495 4.24031
16.72 -2.60696 4.2666
16.73 -2.56417 4.29245
16.74 -2.52111 4.31788
16.75 -2.47781 4.34288
16.76 -2.43426 4.36744
16.77 -2.39046 4.39156
16.78 -2.34642 4.41525
16.79 -2.30216 4.43849
16.8 -2.25766 4.46129
16.81 -2.21293 4.48364
16.82 -2.16798 4.50555
16.83 -2.12282 4.527
16.84 -2.07744 4.548
16.85 -2.03186 4.56855
16.86 -1.98607 4.58864
16.87 -1.94009 4.60827
16.88 -1.89391 4.62744
16.89 -1.84754 4.64615
16.9 -1.80098 4.66439
16.91 -1.75425 4.68217
16.92 -1.70734 4.69948
16.93 -1.66026 4.71632
16.94 -1.61301 4.73268
16.95 -1.56561 4.74858
16.96 -1.51804 4.764
16.97 -1.47033 4.77894
16.98 -1.42246 4.7934
16.99 -1.37446 4.80739
17 -1.32632 4.82089
17.01 -1.27804 4.83391
17.02 -1.22964 4.84645
17.03 -1.18111 4.85851
17.04 -1.13247 4.87007
17.05 -1.08371 4.88116
17.06 -1.03484 4.89175
17.07 -0.985874 4.90185
17.08 -0.936806 4.91147
17.09 -0.887645 4.92059
17.1 -0.838395 4.92922
17.11 -0.789061 4.93736
17.12 -0.739648 4.945
17.13 -0.690161 4.95215
17.14 -0.640605 4.9588
17.15 -0.590985 4.96496
17.16 -0.541305 4.97062
17.17 -0.491572 4.97579
17.18 -0.44179 4.98045
17.19 -0.391963 4.98462
17.2 -0.342097 4.98829
17.21 -0.292197 4.99147
17.22 -0.242268 4.99414
17.23 -0.192314 4.99631
17.24 -0.142342 4.99798
17.25 -0.0923546 4.99916
17.26 -0.0423584 4.99983
17.27 0.007642 5
17.28 0.0576417 4.99968
17.29 0.107636 4.99885
17.3 0.157619 4.99753
17.31 0.207586 4.9957
17.32 0.257533 4.99337
17.33 0.307454 4.99055
17.34 0.357344 4.98723
17.35 0.407198 4.9834
17.36 0.457012 4.97908
17.37 0.50678 4.97426
17.38 0.556497 4.96895
17.39 0.606159 4.96313
17.4 0.65576 4.95682
17.41 0.705295 4.95002
17.42 0.75476 4.94272
17.43 0.804149 4.93492
17.44 0.853458 4.92663
17.45 0.902682 4.91785
17.46 0.951815 4.90858
17.47 1.00085 4.89882
17.48 1.04979 4.88856
17.49 1.09862 4.87782
17.5 1.14735 4.86659
17.51 1.19596 4.85487
17.52 1.24445 4.84267
17.53 1.29281 4.82998
17.54 1.34105 4.81682
17.55 1.38915 4.80316
17.56 1.43711 4.78903
17.57 1.48493 4.77442
17.58 1.5326 4.75933
17.59 1.58011 4.74377
17.6 1.62747 4.72773
17.61 1.67467 4.71122
17.62 1.7217 4.69424
17.63 1.76855 4.67679
17.64 1.81523 4.65887
17.65 1.86173 4.64048
17.66 1.90804 4.62163
17.67 1.95416 4.60232
17.68 2.00009 4.58255
17.69 2.04581 4.56232
17.7 2.09134 4.54163
17.71 2.13665 4.52049
17.72 2.18174 4.4989
17.73 2.22662 4.47686
17.74 2.27128 4.45437
17.75 2.31571 4.43143
17.76 2.35991 4.40805
17.77 2.40387 4.38423
17.78 2.4476 4.35998
17.79 2.49107 4.33528
17.8 2.5343 4.31015
17.81 2.57728 4.2846
17.82 2.61999 4.25861
17.83 2.66245 4.2322
17.84 2.70464 4.20536
17.85 2.74656 4.1781
17.86 2.7882 4.15043
17.87 2.82956 4.12234
17.88 2.87065 4.09384
17.89 2.91144 4.06493
17.9 2.95194 4.03561
17.91 2.99215 4.00589
17.92 3.03206 3.97577
17.93 3.07167 3.94525
17.94 3.11097 3.91433
17.95 3.14995 3.88303
17.96 3.18863 3.85133
17.97 3.22698 3.81925
17.98 3.26501 3.78679
17.99 3.30272 3.75395
18 3.34009 3.72074
18.01 3.37713 3.68715
18.02 3.41383 3.6532
18.03 3.4502 3.61888
18.04 3.48621 3.58419
18.05 3.52188 3.54915
18.06 3.5572 3.51376
18.07 3.59215 3.47801
18.08 3.62676 3.44191
18.09 3.66099 3.40547
18.1 3.69486 3.36869
18.11 3.72837 3.33158
18.12 3.7615 3.29412
18.13 3.79425 3.25635
18.14 3.82662 3.21824
18.15 3.85861 3.17981
18.16 3.89022 3.14107
18.17 3.92144 3.10201
18.18 3.95226 3.06264
18.19 3.98269 3.02296
18.2 4.01272 2.98299
18.21 4.04235 2.94271
18.22 4.07157 2.90214
18.23 4.10039 2.86128
18.24 4.1288 2.82013
18.25 4.15679 2.7787
18.26 4.18437 2.73699
18.27 4.21153 2.69501
18.28 4.23827 2.65276
18.29 4.26459 2.61025
18.3 4.29048 2.56747
18.31 4.31594 2.52444
18.32 4.34097 2.48115
18.33 4.36556 2.43762
18.34 4.38972 2.39384
18.35 4.41344 2.34983
18.36 4.43672 2.30557
18.37 4.45955 2.26109
18.38 4.48194 2.21638
18.39 4.50388 2.17145
18.4 4.52537 2.1263
18.41 4.5464 2.08094
18.42 4.56699 2.03538
18.43 4.58711 1.98961
18.44 4.60678 1.94363
18.45 4.62598 1.89747
18.46 4.64473 1.85111
18.47 4.66301 1.80457
18.48 4.68082 1.75785
18.49 4.69816 1.71096
18.5 4.71504 1.66389
18.51 4.73144 1.61666
18.52 4.74737 1.56926
18.53 4.76283 1.52171
18.54 4.77781 1.47401
18.55 4.79231 1.42615
18.56 4.80633 1.37816
18.57 4.81987 1.33003
18.58 4.83293 1.28176
18.59 4.8455 1.23337
18.6 4.8576 1.18485
18.61 4.8692 1.13622
18.62 4.88032 1.08747
18.63 4.89095 1.03861
18.64 4.90109 0.989649
18.65 4.91074 0.940589
18.66 4.9199 0.891435
18.67 4.92857 0.842191
18.68 4.93675 0.792863
18.69 4.94443 0.743456
18.7 4.95162 0.693974
18.71 4.95831 0.644424
18.72 4.96451 0.594808
18.73 4.97021 0.545133
18.74 4.97541 0.495404
18.75 4.98011 0.445625
18.76 4.98432 0.395802
18.77 4.98803 0.345939
18.78 4.99124 0.296041
18.79 4.99395 0.246114
18.8 4.99616 0.196162
18.81 4.99787 0.146191
18.82 4.99909 0.0962048
18.83 4.9998 0.0462091
18.84 5.00001 -0.00379119
18.85 4.99972 -0.0537911
18.86 4.99893 -0.103786
18.87 4.99765 -0.15377
18.88 4.99586 -0.203739
18.89 4.99357 -0.253687
18.9 4.99079 -0.30361
18.91 4.9875 -0.353503
18.92 4.98372 -0.40336
18.93 4.97943 -0.453177
18.94 4.97465 -0.502949
18.95 4.96937 -0.55267
18.96 4.9636 -0.602336
18.97 4.95733 -0.651942
18.98 4.95056 -0.701483
18.99 4.9433 -0.750953
19 4.93554 -0.800349
19.01 4.92729 -0.849664
19.02 4.91855 -0.898894
19.03 4.90931 -0.948035
19.04 4.89959 -0.997081
19.05 4.88937 -1.04603
19.06 4.87867 -1.09487
19.07 4.86747 -1.1436
19.08 4.85579 -1.19222
19.09 4.84363 -1.24072
19.1 4.83098 -1.28909
19.11 4.81785 -1.33734
19.12 4.80423 -1.38545
19.13 4.79014 -1.43342
19.14 4.77556 -1.48125
19.15 4.76051 -1.52893
19.16 4.74499 -1.57646
19.17 4.72898 -1.62383
19.18 4.71251 -1.67104
19.19 4.69556 -1.71808
19.2 4.67815 -1.76495
19.21 4.66026 -1.81164
19.22 4.64192 -1.85816
19.23 4.6231 -1.90448
19.24 4.60383 -1.95062
19.25 4.58409 -1.99656
19.26 4.56389 -2.0423
19.27 4.54324 -2.08784
19.28 4.52214 -2.13317
19.29 4.50058 -2.17828
19.3 4.47857 -2.22318
19.31 4.45612 -2.26785
19.32 4.43321 -2.3123
19.33 4.40987 -2.35652
19.34 4.38608 -2.4005
19.35 4.36186 -2.44424
19.36 4.3372 -2.48773
19.37 4.31211 -2.53098
19.38 4.28658 -2.57398
19.39 4.26063 -2.61671
19.4 4.23425 -2.65919
19.41 4.20744 -2.7014
19.42 4.18022 -2.74334
19.43 4.15258 -2.785
19.44 4.12452 -2.82639
19.45 4.09605 -2.86749
19.46 4.06717 -2.90831
19.47 4.03788 -2.94884
19.48 4.00819 -2.98907
19.49 3.9781 -3.029
19.5 3.94761 -3.06863
19.51 3.91673 -3.10795
19.52 3.88545 -3.14696
19.53 3.85379 -3.18566
19.54 3.82174 -3.22404
19.55 3.78931 -3.2621
19.56 3.7565 -3.29983
19.57 3.72331 -3.33723
19.58 3.68975 -3.37429
19.59 3.65583 -3.41102
19.6 3.62153 -3.44741
19.61 3.58688 -3.48345
19.62 3.55186 -3.51915
19.63 3.51649 -3.55449
19.64 3.48077 -3.58948
19.65 3.4447 -3.6241
19.66 3.40829 -3.65837
19.67 3.37154 -3.69227
19.68 3.33445 -3.7258
19.69 3.29702 -3.75896
19.7 3.25927 -3.79174
19.71 3.22119 -3.82414
19.72 3.18278 -3.85617
19.73 3.14406 -3.8878
19.74 3.10503 -3.91905
19.75 3.06568 -3.9499
19.76 3.02603 -3.98036
19.77 2.98608 -4.01042
19.78 2.94582 -4.04008
19.79 2.90527 -4.06934
19.8 2.86443 -4.09819
19.81 2.82331 -4.12663
19.82 2.7819 -4.15465
19.83 2.74022 -4.18226
19.84 2.69826 -4.20946
19.85 2.65603 -4.23623
19.86 2.61353 -4.26258
19.87 2.57078 -4.2885
19.88 2.52776 -4.31399
19.89 2.4845 -4.33906
19.9 2.44098 -4.36368
19.91 2.39722 -4.38788
19.92 2.35322 -4.41163
19.93 2.30899 -4.43494
19.94 2.26453 -4.45781
19.95 2.21983 -4.48023
19.96 2.17492 -4.5022
19.97 2.12979 -4.52373
19.98 2.08445 -4.5448
19.99 2.03889 -4.56542
20 1.99314 -4.58558
20.01 1.94718 -4.60528
20.02 1.90103 -4.62452
20.03 1.85469 -4.6433
20.04 1.80817 -4.66162
20.05 1.76146 -4.67946
20.06 1.71458 -4.69684
20.07 1.66752 -4.71376
20.08 1.6203 -4.7302
20.09 1.57292 -4.74616
20.1 1.52538 -4.76165
20.11 1.47769 -4.77667
20.12 1.42985 -4.79121
20.13 1.38186 -4.80527
20.14 1.33374 -4.81884
20.15 1.28548 -4.83194
20.16 1.2371 -4.84455
20.17 1.18859 -4.85668
20.18 1.13997 -4.86833
20.19 1.09123 -4.87948
20.2 1.04238 -4.89015
20.21 0.993424 -4.90033
20.22 0.944371 -4.91002
20.23 0.895224 -4.91922
20.24 0.845987 -4.92792
20.25 0.796665 -4.93614
20.26 0.747264 -4.94386
20.27 0.697788 -4.95108
20.28 0.648242 -4.95781
20.29 0.598632 -4.96405
20.3 0.548961 -4.96979
20.31 0.499236 -4.97503
20.32 0.449461 -4.97977
20.33 0.399641 -4.98402
20.34 0.34978 -4.98776
20.35 0.299885 -4.99101
20.36 0.24996 -4.99376
20.37 0.20001 -4.99601
20.38 0.15004 -4.99776
20.39 0.100055 -4.99901
20.4 0.0500598 -4.99976
20.41 5.96262e-05 -5.00001
20.42 -0.0499405 -4.99976
20.43 -0.0999356 -4.99901
20.44 -0.149921 -4.99776
20.45 -0.199891 -4.99602
20.46 -0.249841 -4.99377
20.47 -0.299766 -4.99102
20.48 -0.349661 -4.98777
20.49 -0.399522 -4.98403
20.5 -0.449342 -4.97978
20.51 -0.499117 -4.97504
20.52 -0.548843 -4.9698
20.53 -0.598513 -4.96406
20.54 -0.648124 -4.95783
20.55 -0.69767 -4.9511
20.56 -0.747146 -4.94388
20.57 -0.796547 -4.93616
20.58 -0.845869 -4.92794
20.59 -0.895106 -4.91924
20.6 -0.944254 -4.91004
20.61 -0.993307 -4.90035
20.62 -1.04226 -4.89018
20.63 -1.09111 -4.87951
20.64 -1.13985 -4.86835
20.65 -1.18848 -4.85671
20.66 -1.23699 -4.84458
20.67 -1.28537 -4.83197
20.68 -1.33362 -4.81888
20.69 -1.38175 -4.8053
20.7 -1.42973 -4.79124
20.71 -1.47757 -4.77671
20.72 -1.52526 -4.76169
20.73 -1.57281 -4.7462
20.74 -1.62019 -4.73023
20.75 -1.66741 -4.7138
20.76 -1.71446 -4.69689
20.77 -1.76135 -4.67951
20.78 -1.80806 -4.66166
20.79 -1.85458 -4.64335
20.8 -1.90092 -4.62457
20.81 -1.94707 -4.60533
20.82 -1.99303 -4.58563
20.83 -2.03879 -4.56547
20.84 -2.08434 -4.54485
20.85 -2.12968 -4.52378
20.86 -2.17481 -4.50226
20.87 -2.21973 -4.48028
20.88 -2.26442 -4.45786
20.89 -2.30888 -4.435
20.9 -2.35312 -4.41168
20.91 -2.39712 -4.38793
20.92 -2.44088 -4.36374
20.93 -2.48439 -4.33912
20.94 -2.52766 -4.31405
20.95 -2.57067 -4.28856
20.96 -2.61343 -4.26264
20.97 -2.65593 -4.23629
20.98 -2.69816 -4.20952
20.99 -2.74012 -4.18233
21 -2.7818 -4.15472
21.01 -2.82321 -4.12669
21.02 -2.86434 -4.09826
21.03 -2.90518 -4.06941
21.04 -2.94573 -4.04015
21.05 -2.98598 -4.01049
21.06 -3.02594 -3.98043
21.07 -3.06559 -3.94997
21.08 -3.10494 -3.91912
21.09 -3.14397 -3.88788
21.1 -3.18269 -3.85624
21.11 -3.2211 -3.82422
21.12 -3.25918 -3.79182
21.13 -3.29693 -3.75904
21.14 -3.33436 -3.72588
21.15 -3.37145 -3.69235
21.16 -3.4082 -3.65845
21.17 -3.44462 -3.62419
21.18 -3.48069 -3.58956
21.19 -3.51641 -3.55457
21.2 -3.55178 -3.51923
21.21 -3.58679 -3.48354
21.22 -3.62145 -3.4475
21.23 -3.65574 -3.41111
21.24 -3.68967 -3.37438
21.25 -3.72323 -3.33732
21.26 -3.75642 -3.29992
21.27 -3.78923 -3.26219
21.28 -3.82166 -3.22413
21.29 -3.85371 -3.18575
21.3 -3.88538 -3.14706
21.31 -3.91665 -3.10805
21.32 -3.94754 -3.06872
21.33 -3.97803 -3.0291
21.34 -4.00812 -2.98916
21.35 -4.03781 -2.94893
21.36 -4.0671 -2.90841
21.37 -4.09598 -2.86759
21.38 -4.12445 -2.82649
21.39 -4.15251 -2.7851
21.4 -4.18015 -2.74344
21.41 -4.20738 -2.7015
21.42 -4.23418 -2.65929
21.43 -4.26056 -2.61682
21.44 -4.28652 -2.57408
21.45 -4.31205 -2.53108
21.46 -4.33714 -2.48784
21.47 -4.3618 -2.44434
21.48 -4.38603 -2.4006
21.49 -4.40982 -2.35662
21.5 -4.43316 -2.31241
21.51 -4.45606 -2.26796
21.52 -4.47852 -2.22328
21.53 -4.50053 -2.17839
21.54 -4.52209 -2.13327
21.55 -4.54319 -2.08795
21.56 -4.56385 -2.04241
21.57 -4.58404 -1.99667
21.58 -4.60378 -1.95073
21.59 -4.62306 -1.90459
21.6 -4.64187 -1.85827
21.61 -4.66022 -1.81176
21.62 -4.67811 -1.76506
21.63 -4.69552 -1.71819
21.64 -4.71247 -1.67115
21.65 -4.72895 -1.62394
21.66 -4.74495 -1.57657
21.67 -4.76048 -1.52905
21.68 -4.77553 -1.48136
21.69 -4.79011 -1.43353
21.7 -4.8042 -1.38556
21.71 -4.81782 -1.33745
21.72 -4.83095 -1.28921
21.73 -4.8436 -1.24083
21.74 -4.85577 -1.19233
21.75 -4.86745 -1.14372
21.76 -4.87864 -1.09498
21.77 -4.88935 -1.04614
21.78 -4.89956 -0.997198
21.79 -4.90929 -0.948152
21.8 -4.91853 -0.899012
21.81 -4.92727 -0.849782
21.82 -4.93552 -0.800467
21.83 -4.94328 -0.751071
21.84 -4.95054 -0.701601
21.85 -4.95731 -0.65206
21.86 -4.96359 -0.602455
21.87 -4.96936 -0.552789
21.88 -4.97464 -0.503067
21.89 -4.97942 -0.453296
21.9 -4.98371 -0.403479
21.91 -4.98749 -0.353622
21.92 -4.99078 -0.303729
21.93 -4.99357 -0.253806
21.94 -4.99586 -0.203858
21.95 -4.99764 -0.153889
21.96 -4.99893 -0.103905
21.97 -4.99972 -0.0539104
21.98 -5.00001 -0.00391044
21.99 -4.9998 0.0460899
22 -4.99909 0.0960856
22.01 -4.99788 0.146072
22.02 -4.99617 0.196043
22.03 -4.99396 0.245995
22.04 -4.99125 0.295922
22.05 -4.98804 0.34582
22.06 -4.98433 0.395683
22.07 -4.98013 0.445507
22.08 -4.97542 0.495286
22.09 -4.97022 0.545015
22.1 -4.96452 0.59469
22.11 -4.95833 0.644306
22.12 -4.95164 0.693857
22.13 -4.94445 0.743338
22.14 -4.93677 0.792746
22.15 -4.9286 0.842074
22.16 -4.91993 0.891318
22.17 -4.91077 0.940472
22.18 -4.90112 0.989533
22.19 -4.89098 1.03849
22.2 -4.88035 1.08735
22.21 -4.86923 1.1361
22.22 -4.85763 1.18474
22.23 -4.84554 1.23325
22.24 -4.83296 1.28165
22.25 -4.8199 1.32991
22.26 -4.80636 1.37805
22.27 -4.79234 1.42604
22.28 -4.77784 1.47389
22.29 -4.76286 1.5216
22.3 -4.74741 1.56915
22.31 -4.73148 1.61655
22.32 -4.71508 1.66378
22.33 -4.69821 1.71085
22.34 -4.68086 1.75774
22.35 -4.66305 1.80446
22.36 -4.64477 1.851
22.37 -4.62603 1.89736
22.38 -4.60683 1.94353
22.39 -4.58716 1.9895
22.4 -4.56704 2.03527
22.41 -4.54646 2.08084
22.42 -4.52542 2.1262
22.43 -4.50393 2.17135
22.44 -4.48199 2.21628
22.45 -4.45961 2.26099
22.46 -4.43677 2.30547
22.47 -4.4135 2.34972
22.48 -4.38978 2.39374
22.49 -4.36562 2.43752
22.5 -4.34103 2.48105
22.51 -4.316 2.52434
22.52 -4.29054 2.56737
22.53 -4.26465 2.61015
22.54 -4.23834 2.65266
22.55 -4.2116 2.69491
22.56 -4.18444 2.7369
22.57 -4.15686 2.7786
22.58 -4.12887 2.82003
22.59 -4.10046 2.86118
22.6 -4.07164 2.90204
22.61 -4.04242 2.94261
22.62 -4.01279 2.98289
22.63 -3.98276 3.02287
22.64 -3.95234 3.06255
22.65 -3.92151 3.10192
22.66 -3.8903 3.14098
22.67 -3.85869 3.17972
22.68 -3.8267 3.21815
22.69 -3.79433 3.25626
22.7 -3.76158 3.29404
22.71 -3.72845 3.33149
22.72 -3.69495 3.36861
22.73 -3.66108 3.40539
22.74 -3.62684 3.44183
22.75 -3.59224 3.47792
22.76 -3.55728 3.51367
22.77 -3.52197 3.54907
22.78 -3.4863 3.58411
22.79 -3.45028 3.6188
22.8 -3.41392 3.65312
22.81 -3.37722 3.68707
22.82 -3.34018 3.72066
22.83 -3.30281 3.75388
22.84 -3.2651 3.78672
22.85 -3.22707 3.81918
22.86 -3.18872 3.85126
22.87 -3.15005 3.88295
22.88 -3.11106 3.91426
22.89 -3.07176 3.94518
22.9 -3.03216 3.9757
22.91 -2.99225 4.00582
22.92 -2.95204 4.03554
22.93 -2.91154 4.06486
22.94 -2.87075 4.09377
22.95 -2.82966 4.12227
22.96 -2.7883 4.15036
22.97 -2.74666 4.17804
22.98 -2.70474 4.2053
22.99 -2.66255 4.23214
23 -2.6201 4.25855
23.01 -2.57738 4.28454
23.02 -2.53441 4.3101
23.03 -2.49118 4.33523
23.04 -2.4477 4.35992
23.05 -2.40398 4.38418
23.06 -2.36002 4.408
23.07 -2.31582 4.43138
23.08 -2.27139 4.45432
23.09 -2.22673 4.47681
23.1 -2.18185 4.49885
23.11 -2.13676 4.52044
23.12 -2.09144 4.54159
23.13 -2.04592 4.56227
23.14 -2.0002 4.5825
23.15 -1.95427 4.60228
23.16 -1.90815 4.62159
23.17 -1.86184 4.64044
23.18 -1.81534 4.65883
23.19 -1.76867 4.67675
23.2 -1.72181 4.6942
23.21 -1.67478 4.71118
23.22 -1.62759 4.7277
23.23 -1.58023 4.74374
23.24 -1.53271 4.7593
23.25 -1.48504 4.77439
23.26 -1.43722 4.789
23.27 -1.38926 4.80313
23.28 -1.34116 4.81679
23.29 -1.29293 4.82996
23.3 -1.24456 4.84265
23.31 -1.19607 4.85485
23.32 -1.14747 4.86657
23.33 -1.09874 4.8778
23.34 -1.04991 4.88854
23.35 -1.00097 4.8988
23.36 -0.951933 4.90856
23.37 -0.9028 4.91783
23.38 -0.853577 4.92662
23.39 -0.804268 4.93491
23.4 -0.754878 4.9427
23.41 -0.705414 4.95
23.42 -0.655878 4.95681
23.43 -0.606277 4.96312
23.44 -0.556616 4.96894
23.45 -0.506899 4.97425
23.46 -0.457131 4.97907
23.47 -0.407317 4.9834
23.48 -0.357463 4.98722
23.49 -0.307573 4.99055
23.5 -0.257652 4.99337
23.51 -0.207705 4.9957
23.52 -0.157738 4.99753
23.53 -0.107755 4.99885
23.54 -0.057761 4.99968
23.55 -0.00776125 5.00001
23.56 0.0422392 4.99984
23.57 0.0922355 4.99916
23.58 0.142222 4.99799
23.59 0.192195 4.99632
23.6 0.242149 4.99415
23.61 0.292078 4.99148
23.62 0.341978 4.98831
23.63 0.391844 4.98464
23.64 0.441671 4.98047
23.65 0.491454 4.9758
23.66 0.541187 4.97064
23.67 0.590867 4.96498
23.68 0.640487 4.95882
23.69 0.690043 4.95217
23.7 0.73953 4.94502
23.71 0.788943 4.93738
23.72 0.838278 4.92924
23.73 0.887528 4.92061
23.74 0.93669 4.91149
23.75 0.985758 4.90188
23.76 1.03473 4.89178
23.77 1.08359 4.88119
23.78 1.13235 4.87011
23.79 1.181 4.85854
23.8 1.22952 4.84649
23.81 1.27793 4.83395
23.82 1.3262 4.82093
23.83 1.37434 4.80742
23.84 1.42235 4.79344
23.85 1.47021 4.77898
23.86 1.51793 4.76404
23.87 1.56549 4.74862
23.88 1.6129 4.73273
23.89 1.66015 4.71636
23.9 1.70723 4.69952
23.91 1.75414 4.68222
23.92 1.80087 4.66444
23.93 1.84743 4.6462
23.94 1.8938 4.62749
23.95 1.93998 4.60832
23.96 1.98596 4.58869
23.97 2.03175 4.5686
23.98 2.07734 4.54806
23.99 2.12271 4.52706
24 2.16788 4.5056
24.01 2.21282 4.4837
24.02 2.25755 4.46135
24.03 2.30205 4.43855
24.04 2.34632 4.41531
24.05 2.39036 4.39162
24.06 2.43415 4.3675
24.07 2.47771 4.34294
24.08 2.52101 4.31794
24.09 2.56407 4.29252
24.1 2.60686 4.26666
24.11 2.6494 4.24038
24.12 2.69167 4.21368
24.13 2.73367 4.18655
24.14 2.7754 4.159
24.15 2.81685 4.13104
24.16 2.85802 4.10266
24.17 2.89891 4.07388
24.18 2.9395 4.04469
24.19 2.9798 4.01509
24.2 3.0198 3.98509
24.21 3.0595 3.95469
24.22 3.0989 3.9239
24.23 3.13798 3.89272
24.24 3.17675 3.86114
24.25 3.2152 3.82918
24.26 3.25333 3.79684
24.27 3.29114 3.76411
24.28 3.32862 3.73101
24.29 3.36576 3.69754
24.3 3.40257 3.6637
24.31 3.43903 3.62949
24.32 3.47516 3.59492
24.33 3.51093 3.55999
24.34 3.54636 3.5247
24.35 3.58143 3.48906
24.36 3.61614 3.45307
24.37 3.65049 3.41674
24.38 3.68447 3.38006
24.39 3.71809 3.34305
24.4 3.75133 3.3057
24.41 3.7842 3.26802
24.42 3.81669 3.23002
24.43 3.8488 3.19169
24.44 3.88053 3.15304
24.45 3.91186 3.11408
24.46 3.94281 3.0748
24.47 3.97336 3.03522
24.48 4.00351 2.99533
24.49 4.03327 2.95515
24.5 4.06262 2.91467
24.51 4.09156 2.8739
24.52 4.12009 2.83284
24.53 4.14822 2.7915
24.54 4.17592 2.74987
24.55 4.20321 2.70798
24.56 4.23008 2.66581
24.57 4.25653 2.62338
24.58 4.28255 2.58068
24.59 4.30814 2.53772
24.6 4.33331 2.49452
24.61 4.35803 2.45106
24.62 4.38233 2.40736
24.63 4.40618 2.36341
24.64 4.4296 2.31923
24.65 4.45257 2.27482
24.66 4.47509 2.23018
24.67 4.49717 2.18532
24.68 4.5188 2.14024
24.69 4.53997 2.09494
24.7 4.5607 2.04944
24.71 4.58096 2.00373
24.72 4.60077 1.95782
24.73 4.62012 1.91171
24.74 4.63901 1.86542
24.75 4.65743 1.81893
24.76 4.67538 1.77227
24.77 4.69287 1.72543
24.78 4.70989 1.67841
24.79 4.72644 1.63123
24.8 4.74252 1.58388
24.81 4.75812 1.53638
24.82 4.77325 1.48872
24.83 4.78789 1.44091
24.84 4.80206 1.39296
24.85 4.81575 1.34487
24.86 4.82896 1.29665
24.87 4.84169 1.24829
24.88 4.85393 1.19981
24.89 4.86568 1.15121
24.9 4.87695 1.1025
24.91 4.88773 1.05367
24.92 4.89802 1.00474
24.93 4.90783 0.955714
24.94 4.91714 0.906587
24.95 4.92596 0.857371
24.96 4.93429 0.808068
24.97 4.94212 0.758685
24.98 4.94946 0.709226
24.99 4.9563 0.659696
25 4.96265 0.6101
25.01 4.96851 0.560443
25.02 4.97386 0.51073
25.03 4.97872 0.460965
25.04 4.98308 0.411155
25.05 4.98694 0.361304
25.06 4.99031 0.311416
25.07 4.99317 0.261498
25.08 4.99554 0.211553
25.09 4.9974 0.161587
25.1 4.99877 0.111605
25.11 4.99964 0.0616115
25.12 5 0.0116121
25.13 4.99987 -0.0383885
25.14 4.99923 -0.0883853
25.15 4.9981 -0.138373
25.16 4.99647 -0.188347
25.17 4.99433 -0.238303
25.18 4.9917 -0.288234
25.19 4.98857 -0.338137
25.2 4.98494 -0.388005
25.21 4.98081 -0.437835
25.22 4.97618 -0.487622
25.23 4.97106 -0.537359
25.24 4.96543 -0.587043
25.25 4.95932 -0.636668
25.26 4.9527 -0.686229
25.27 4.94559 -0.735722
25.28 4.93799 -0.785141
25.29 4.92989 -0.834481
25.3 4.9213 -0.883739
25.31 4.91221 -0.932907
25.32 4.90264 -0.981983
25.33 4.89257 -1.03096
25.34 4.88202 -1.07983
25.35 4.87098 -1.1286
25.36 4.85945 -1.17725
25.37 4.84743 -1.22579
25.38 4.83493 -1.2742
25.39 4.82195 -1.32249
25.4 4.80848 -1.37064
25.41 4.79454 -1.41866
25.42 4.78011 -1.46653
25.43 4.7652 -1.51426
25.44 4.74982 -1.56184
25.45 4.73397 -1.60926
25.46 4.71764 -1.65652
25.47 4.70084 -1.70361
25.48 4.68357 -1.75053
25.49 4.66583 -1.79728
25.5 4.64762 -1.84385
25.51 4.62895 -1.89023
25.52 4.60982 -1.93643
25.53 4.59022 -1.98243
25.54 4.57017 -2.02823
25.55 4.54966 -2.07383
25.56 4.52869 -2.11923
25.57 4.50727 -2.16441
25.58 4.4854 -2.20937
25.59 4.46308 -2.25411
25.6 4.44032 -2.29863
25.61 4.41711 -2.34292
25.62 4.39346 -2.38697
25.63 4.36937 -2.43079
25.64 4.34485 -2.47436
25.65 4.31989 -2.51769
25.66 4.29449 -2.56076
25.67 4.26867 -2.60358
25.68 4.24242 -2.64613
25.69 4.21575 -2.68843
25.7 4.18865 -2.73045
25.71 4.16114 -2.7722
25.72 4.13321 -2.81367
25.73 4.10487 -2.85486
25.74 4.07611 -2.89577
25.75 4.04695 -2.93638
25.76 4.01738 -2.97671
25.77 3.98742 -3.01673
25.78 3.95705 -3.05646
25.79 3.92629 -3.09587
25.8 3.89513 -3.13498
25.81 3.86359 -3.17378
25.82 3.83166 -3.21225
25.83 3.79934 -3.25041
25.84 3.76665 -3.28824
25.85 3.73358 -3.32574
25.86 3.70013 -3.36291
25.87 3.66632 -3.39975
25.88 3.63214 -3.43624
25.89 3.59759 -3.47239
25.9 3.56269 -3.50819
25.91 3.52743 -3.54364
25.92 3.49182 -3.57874
25.93 3.45586 -3.61348
25.94 3.41955 -3.64786
25.95 3.3829 -3.68187
25.96 3.34591 -3.71551
25.97 3.30859 -3.74879
25.98 3.27094 -3.78169
25.99 3.23295 -3.81421
26 3.19465 -3.84634
26.01 3.15603 -3.8781
26.02 3.11709 -3.90947
26.03 3.07784 -3.94044
26.04 3.03828 -3.97102
26.05 2.99842 -4.00121
26.06 2.95826 -4.03099
26.07 2.9178 -4.06037
26.08 2.87705 -4.08935
26.09 2.83601 -4.11791
26.1 2.79469 -4.14607
26.11 2.75309 -4.17381
26.12 2.71121 -4.20113
26.13 2.66907 -4.22803
26.14 2.62665 -4.25451
26.15 2.58398 -4.28056
26.16 2.54104 -4.30619
26.17 2.49785 -4.33138
26.18 2.45441 -4.35615
26.19 2.41073 -4.38047
26.2 2.36681 -4.40436
26.21 2.32264 -4.42781
26.22 2.27825 -4.45081
26.23 2.23363 -4.47337
26.24 2.18878 -4.49549
26.25 2.14372 -4.51715
26.26 2.09844 -4.53836
26.27 2.05295 -4.55912
26.28 2.00726 -4.57942
26.29 1.96136 -4.59926
26.3 1.91527 -4.61865
26.31 1.86899 -4.63757
26.32 1.82252 -4.65603
26.33 1.77587 -4.67402
26.34 1.72904 -4.69154
26.35 1.68204 -4.7086
26.36 1.63487 -4.72519
26.37 1.58753 -4.7413
26.38 1.54004 -4.75694
26.39 1.49239 -4.7721
26.4 1.4446 -4.78678
26.41 1.39666 -4.80099
26.42 1.34858 -4.81472
26.43 1.30036 -4.82796
26.44 1.25202 -4.84072
26.45 1.20355 -4.853
26.46 1.15496 -4.8648
26.47 1.10625 -4.8761
26.48 1.05744 -4.88692
26.49 1.00852 -4.89725
26.5 0.959493 -4.90709
26.51 0.910374 -4.91644
26.52 0.861164 -4.9253
26.53 0.811868 -4.93366
26.54 0.762491 -4.94154
26.55 0.713038 -4.94891
26.56 0.663513 -4.9558
26.57 0.613922 -4.96218
26.58 0.564269 -4.96807
26.59 0.51456 -4.97347
26.6 0.4648 -4.97837
26.61 0.414993 -4.98277
26.62 0.365145 -4.98667
26.63 0.31526 -4.99007
26.64 0.265343 -4.99297
26.65 0.2154 -4.99537
26.66 0.165436 -4.99728
26.67 0.115455 -4.99868
26.68 0.065462 -4.99959
26.69 0.0154629 -4.99999
26.7 -0.0345378 -4.9999
26.71 -0.0845351 -4.9993
26.72 -0.134524 -4.99821
26.73 -0.184499 -4.99661
26.74 -0.234456 -4.99452
26.75 -0.28439 -4.99192
26.76 -0.334295 -4.98883
26.77 -0.384166 -4.98524
26.78 -0.433999 -4.98115
26.79 -0.483789 -4.97656
26.8 -0.53353 -4.97147
26.81 -0.583218 -4.96589
26.82 -0.632848 -4.95981
26.83 -0.682415 -4.95323
26.84 -0.731913 -4.94616
26.85 -0.781338 -4.93859
26.86 -0.830685 -4.93053
26.87 -0.879948 -4.92198
26.88 -0.929124 -4.91293
26.89 -0.978207 -4.90339
26.9 -1.02719 -4.89337
26.91 -1.07607 -4.88285
26.92 -1.12485 -4.87185
26.93 -1.17351 -4.86035
26.94 -1.22206 -4.84838
26.95 -1.27048 -4.83591
26.96 -1.31877 -4.82297
26.97 -1.36694 -4.80954
26.98 -1.41497 -4.79563
26.99 -1.46285 -4.78124
27 -1.51059 -4.76637
27.01 -1.55818 -4.75103
27.02 -1.60561 -4.73521
27.03 -1.65288 -4.71891
27.04 -1.69999 -4.70215
27.05 -1.74693 -4.68491
27.06 -1.79369 -4.66721
27.07 -1.84027 -4.64904
27.08 -1.88667 -4.63041
27.09 -1.93288 -4.61131
27.1 -1.97889 -4.59175
27.11 -2.02471 -4.57173
27.12 -2.07033 -4.55125
27.13 -2.11574 -4.53032
27.14 -2.16093 -4.50894
27.15 -2.20592 -4.4871
27.16 -2.25068 -4.46482
27.17 -2.29521 -4.44209
27.18 -2.33952 -4.41892
27.19 -2.38359 -4.3953
27.2 -2.42742 -4.37124
27.21 -2.47102 -4.34675
27.22 -2.51436 -4.32182
27.23 -2.55745 -4.29646
27.24 -2.60029 -4.27068
27.25 -2.64287 -4.24446
27.26 -2.68518 -4.21782
27.27 -2.72722 -4.19076
27.28 -2.76899 -4.16327
27.29 -2.81049 -4.13538
27.3 -2.8517 -4.10706
27.31 -2.89263 -4.07834
27.32 -2.93327 -4.04921
27.33 -2.97361 -4.01968
27.34 -3.01366 -3.98974
27.35 -3.05341 -3.9594
27.36 -3.09285 -3.92867
27.37 -3.13198 -3.89755
27.38 -3.1708 -3.86603
27.39 -3.2093 -3.83413
27.4 -3.24748 -3.80185
27.41 -3.28534 -3.76918
27.42 -3.32287 -3.73614
27.43 -3.36006 -3.70272
27.44 -3.39692 -3.66894
27.45 -3.43344 -3.63478
27.46 -3.46962 -3.60027
27.47 -3.50545 -3.56539
27.48 -3.54092 -3.53016
27.49 -3.57605 -3.49457
27.5 -3.61082 -3.45864
27.51 -3.64522 -3.42236
27.52 -3.67926 -3.38573
27.53 -3.71294 -3.34877
27.54 -3.74624 -3.31148
27.55 -3.77917 -3.27385
27.56 -3.81172 -3.23589
27.57 -3.84388 -3.19761
27.58 -3.87567 -3.15901
27.59 -3.90706 -3.1201
27.6 -3.93807 -3.08087
27.61 -3.96868 -3.04134
27.62 -3.9989 -3.0015
27.63 -4.02871 -2.96136
27.64 -4.05812 -2.92093
27.65 -4.08713 -2.8802
27.66 -4.11573 -2.83918
27.67 -4.14391 -2.79788
27.68 -4.17169 -2.7563
27.69 -4.19904 -2.71445
27.7 -4.22597 -2.67232
27.71 -4.25249 -2.62993
27.72 -4.27857 -2.58727
27.73 -4.30423 -2.54436
27.74 -4.32946 -2.50119
27.75 -4.35426 -2.45777
27.76 -4.37862 -2.4141
27.77 -4.40254 -2.3702
27.78 -4.42602 -2.32605
27.79 -4.44906 -2.28168
27.8 -4.47165 -2.23707
27.81 -4.4938 -2.19224
27.82 -4.5155 -2.1472
27.83 -4.53674 -2.10193
27.84 -4.55754 -2.05646
27.85 -4.57787 -2.01078
27.86 -4.59775 -1.9649
27.87 -4.61717 -1.91883
27.88 -4.63613 -1.87256
27.89 -4.65462 -1.82611
27.9 -4.67265 -1.77947
27.91 -4.69021 -1.73265
27.92 -4.7073 -1.68566
27.93 -4.72393 -1.63851
27.94 -4.74007 -1.59119
27.95 -4.75575 -1.5437
27.96 -4.77095 -1.49607
27.97 -4.78567 -1.44829
27.98 -4.79991 -1.40036
27.99 -4.81368 -1.35229
28 -4.82696 -1.30408
28.01 -4.83976 -1.25575
28.02 -4.85207 -1.20729
28.03 -4.86391 -1.15871
28.04 -4.87525 -1.11001
28.05 -4.88611 -1.0612
28.06 -4.89647 -1.01229
28.07 -4.90635 -0.963272
28.08 -4.91574 -0.914161
28.09 -4.92463 -0.864958
28.1 -4.93304 -0.815668
28.11 -4.94095 -0.766297
28.12 -4.94836 -0.716849
28.13 -4.95528 -0.66733
28.14 -4.96171 -0.617743
28.15 -4.96764 -0.568095
28.16 -4.97307 -0.518391
28.17 -4.97801 -0.468634
28.18 -4.98244 -0.41883
28.19 -4.98638 -0.368985
28.2 -4.98982 -0.319103
28.21 -4.99277 -0.269189
28.22 -4.99521 -0.219247
28.23 -4.99715 -0.169284
28.24 -4.99859 -0.119304
28.25 -4.99954 -0.0693125
28.26 -4.99998 -0.0193137
28.27 -4.99992 0.0306871
28.28 -4.99937 0.0806848
28.29 -4.99831 0.130674
28.3 -4.99675 0.180651
28.31 -4.9947 0.230609
28.32 -4.99214 0.280545
28.33 -4.98909 0.330452
28.34 -4.98553 0.380327
28.35 -4.98148 0.430163
28.36 -4.97693 0.479956
28.37 -4.97188 0.529702
28.38 -4.96633 0.579394
28.39 -4.96029 0.629028
28.4 -4.95375 0.6786
28.41 -4.94672 0.728103
28.42 -4.93919 0.777534
28.43 -4.93117 0.826887
28.44 -4.92265 0.876158
28.45 -4.91365 0.92534
28.46 -4.90415 0.97443
28.47 -4.89416 1.02342
28.48 -4.88368 1.07231
28.49 -4.87271 1.1211
28.5 -4.86126 1.16977
28.51 -4.84932 1.21832
28.52 -4.83689 1.26675
28.53 -4.82398 1.31506
28.54 -4.81059 1.36323
28.55 -4.79672 1.41127
28.56 -4.78236 1.45917
28.57 -4.76753 1.50692
28.58 -4.75223 1.55452
28.59 -4.73644 1.60196
28.6 -4.72019 1.64925
28.61 -4.70346 1.69637
28.62 -4.68626 1.74332
28.63 -4.66859 1.79009
28.64 -4.65046 1.83669
28.65 -4.63186 1.8831
28.66 -4.6128 1.92933
28.67 -4.59327 1.97536
28.68 -4.57329 2.02119
28.69 -4.55285 2.06682
28.7 -4.53195 2.11225
28.71 -4.5106 2.15746
28.72 -4.4888 2.20246
28.73 -4.46655 2.24724
28.74 -4.44386 2.29179
28.75 -4.42072 2.33612
28.76 -4.39714 2.38021
28.77 -4.37311 2.42406
28.78 -4.34865 2.46767
28.79 -4.32376 2.51103
28.8 -4.29843 2.55414
28.81 -4.27268 2.597
28.82 -4.24649 2.6396
28.83 -4.21989 2.68193
28.84 -4.19286 2.72399
28.85 -4.16541 2.76579
28.86 -4.13754 2.8073
28.87 -4.10926 2.84854
28.88 -4.08057 2.88949
28.89 -4.05147 2.93015
28.9 -4.02197 2.97052
28.91 -3.99206 3.01059
28.92 -3.96175 3.05036
28.93 -3.93105 3.08982
28.94 -3.89996 3.12898
28.95 -3.86847 3.16782
28.96 -3.8366 3.20635
28.97 -3.80435 3.24455
28.98 -3.77171 3.28244
28.99 -3.7387 3.31999
29 -3.70531 3.35721
29.01 -3.67155 3.3941
29.02 -3.63743 3.43064
29.03 -3.60294 3.46684
29.04 -3.56809 3.5027
29.05 -3.53289 3.53821
29.06 -3.49733 3.57336
29.07 -3.46142 3.60815
29.08 -3.42516 3.64259
29.09 -3.38857 3.67666
29.1 -3.35163 3.71036
29.11 -3.31436 3.74369
29.12 -3.27676 3.77664
29.13 -3.23883 3.80922
29.14 -3.20057 3.84142
29.15 -3.162 3.87323
29.16 -3.12311 3.90466
29.17 -3.08391 3.9357
29.18 -3.04439 3.96634
29.19 -3.00458 3.99658
29.2 -2.96446 4.02643
29.21 -2.92405 4.05587
29.22 -2.88335 4.08491
29.23 -2.84235 4.11354
29.24 -2.80107 4.14176
29.25 -2.75952 4.16956
29.26 -2.71768 4.19695
29.27 -2.67558 4.22392
29.28 -2.6332 4.25046
29.29 -2.59057 4.27658
29.3 -2.54767 4.30227
29.31 -2.50452 4.32753
29.32 -2.46112 4.35236
29.33 -2.41748 4.37676
29.34 -2.37359 4.40071
29.35 -2.32946 4.42423
29.36 -2.2851 4.4473
29.37 -2.24052 4.46993
29.38 -2.1957 4.49211
29.39 -2.15067 4.51384
29.4 -2.10543 4.53513
29.41 -2.05997 4.55595
29.42 -2.01431 4.57632
29.43 -1.96844 4.59624
29.44 -1.92238 4.61569
29.45 -1.87613 4.63469
29.46 -1.82969 4.65322
29.47 -1.78307 4.67128
29.48 -1.73626 4.68888
29.49 -1.68929 4.70601
29.5 -1.64214 4.72266
29.51 -1.59484 4.73885
29.52 -1.54737 4.75456
29.53 -1.49974 4.7698
29.54 -1.45197 4.78455
29.55 -1.40405 4.79884
29.56 -1.35599 4.81264
29.57 -1.3078 4.82596
29.58 -1.25948 4.83879
29.59 -1.21102 4.85114
29.6 -1.16245 4.86301
29.61 -1.11376 4.87439
29.62 -1.06496 4.88529
29.63 -1.01606 4.89569
29.64 -0.967051 4.90561
29.65 -0.917947 4.91503
29.66 -0.86875 4.92397
29.67 -0.819467 4.93241
29.68 -0.770102 4.94036
29.69 -0.72066 4.94781
29.7 -0.671146 4.95477
29.71 -0.621565 4.96123
29.72 -0.571921 4.9672
29.73 -0.522221 4.97267
29.74 -0.472468 4.97765
29.75 -0.422668 4.98212
29.76 -0.372825 4.9861
29.77 -0.322946 4.98958
29.78 -0.273034 4.99256
29.79 -0.223095 4.99504
29.8 -0.173133 4.99702
29.81 -0.123154 4.9985
29.82 -0.0731629 4.99948
29.83 -0.0231645 4.99996
29.84 0.0268364 4.99995
29.85 0.0768345 4.99943
29.86 0.126825 4.99841
29.87 0.176803 4.99689
29.88 0.226763 4.99487
29.89 0.2767 4.99236
29.9 0.32661 4.98934
29.91 0.376487 4.98582
29.92 0.426326 4.98181
29.93 0.476123 4.9773
29.94 0.525872 4.97229
29.95 0.575569 4.96678
29.96 0.625208 4.96078
29.97 0.674784 4.95428
29.98 0.724293 4.94728
29.99 0.77373 4.93979
